3.9969150328554677 4516.129309524443 347.50408355825334 2466.640456682809 1302.6868184444525 3727.4828361290224 2367.0810288896923 2532.213940666742 1706.1976519892837 1377.270413215999 3044.260269156722
3.9969150328554677 1012.0421117169896 3475.6201077367555 834.8587278156439 412.02866696075756 2658.995006857082 2322.0828395039725 4933.2290504059265 1124.6159283141508 4181.786195385033 264.92029078942835
3.9969150328554677 3774.8064653990596 2423.853141296972 4975.448890923663 1302.6868184444525 3611.453979218675 1677.291705199071 370.31634108728935 4244.818862765735 1377.270413215999 3366.9948758210016
3.9969150328554677 4516.129309524443 347.50408355825334 2466.640456682809 1302.6868184444525 3727.4828361290224 2367.0810288896923 2532.213940666742 1706.1976519892837 1377.270413215999 3044.260269156722
3.9969150328554677 1012.0421117169896 3475.6201077367555 834.8587278156439 412.02866696075756 2658.995006857082 2322.0828395039725 4933.2290504059265 1124.6159283141508 4181.786195385033 264.92029078942835
3.9969150328554677 3774.8064653990596 2423.853141296972 4975.448890923663 1302.6868184444525 3611.453979218675 1677.291705199071 370.31634108728935 4244.818862765735 1377.270413215999 3366.9948758210016
3.9969150328554677 4516.129309524443 347.50408355825334 2466.640456682809 1302.6868184444525 3727.4828361290224 2367.0810288896923 2532.213940666742 1706.1976519892837 1377.270413215999 3044.260269156722
3.9969150328554677 1012.0421117169896 3475.6201077367555 834.8587278156439 412.02866696075756 2658.995006857082 2322.0828395039725 4933.2290504059265 1124.6159283141508 4181.786195385033 264.92029078942835
3.9969150328554677 3774.8064653990596 2423.853141296972 4975.448890923663 1302.6868184444525 3611.453979218675 1677.291705199071 370.31634108728935 4244.818862765735 1377.270413215999 3366.9948758210016
3.9969150328554677 4516.129309524443 347.50408355825334 2466.640456682809 1302.6868184444525 3727.4828361290224 2367.0810288896923 2532.213940666742 1706.1976519892837 1377.270413215999 3044.260269156722
3.9969150328554677 1012.0421117169896 3475.6201077367555 834.8587278156439 412.02866696075756 2658.995006857082 2322.0828395039725 4933.2290504059265 1124.6159283141508 4181.786195385033 264.92029078942835
3.9969150328554677 3774.8064653990596 2423.853141296972 4975.448890923663 1302.6868184444525 3611.453979218675 1677.291705199071 370.31634108728935 4244.818862765735 1377.270413215999 3366.9948758210016
3.9969150328554677 4516.129309524443 347.50408355825334 2466.640456682809 1302.6868184444525 3727.4828361290224 2367.0810288896923 2532.213940666742 1706.1976519892837 1377.270413215999 3044.260269156722
3.9969150328554677 1012.0421117169896 3475.6201077367555 834.8587278156439 412.02866696075756 2658.995006857082 2322.0828395039725 4933.2290504059265 1124.6159283141508 4181.786195385033 264.92029078942835
3.9969150328554677 3774.8064653990596 2423.853141296972 4975.448890923663 1302.6868184444525 3611.453979218675 1677.291705199071 370.31634108728935 4244.818862765735 1377.270413215999 3366.9948758210016
3.9969150328554677 4516.129309524443 347.50408355825334 2466.640456682809 1302.6868184444525 3727.4828361290224 2367.0810288896923 2532.213940666742 1706.1976519892837 1377.270413215999 3044.260269156722
3.9969150328554677 1012.0421117169896 3475.6201077367555 834.8587278156439 412.02866696075756 2658.995006857082 2322.0828395039725 4933.2290504059265 1124.6159283141508 4181.786195385033 264.92029078942835
3.9969150328554677 3774.8064653990596 2423.853141296972 4975.448890923663 1302.6868184444525 3611.453979218675 1677.291705199071 370.31634108728935 4244.818862765735 1377.270413215999 3366.9948758210016
3.9969150328554677 4516.129309524443 347.50408355825334 2466.640456682809 1302.6868184444525 3727.4828361290224 2367.0810288896923 2532.213940666742 1706.1976519892837 1377.270413215999 3044.260269156722
3.9969150328554677 1012.0421117169896 3475.6201077367555 834.8587278156439 412.02866696075756 2658.995006857082 2322.0828395039725 4933.2290504059265 1124.6159283141508 4181.786195385033 264.92029078942835
3.9969150328554677 3774.8064653990596 2423.853141296972 4975.448890923663 1302.6868184444525 3611.453979218675 1677.291705199071 370.31634108728935 4244.818862765735 1377.270413215999 3366.9948758210016
3.9969150328554677 4516.129309524443 347.50408355825334 2466.640456682809 1302.6868184444525 3727.4828361290224 2367.0810288896923 2532.213940666742 1706.1976519892837 1377.270413215999 3044.260269156722
3.9969150328554677 1012.0421117169896 3475.6201077367555 834.8587278156439 412.02866696075756 2658.995006857082 2322.0828395039725 4933.2290504059265 1124.6159283141508 4181.786195385033 264.92029078942835
3.9969150328554677 3774.8064653990596 2423.853141296972 4975.448890923663 1302.6868184444525 3611.453979218675 1677.291705199071 370.31634108728935 4244.818862765735 1377.270413215999 3366.9948758210016
3.9969150328554677 4516.129309524443 347.50408355825334 2466.640456682809 1302.6868184444525 3727.4828361290224 2367.0810288896923 2532.213940666742 1706.1976519892837 1377.270413215999 3044.260269156722
3.9969150328554677 1012.0421117169896 3475.6201077367555 834.8587278156439 412.02866696075756 2658.995006857082 2322.0828395039725 4933.2290504059265 1124.6159283141508 4181.786195385033 264.92029078942835
3.9969150328554677 3774.8064653990596 2423.853141296972 4975.448890923663 1302.6868184444525 3611.453979218675 1677.291705199071 370.31634108728935 4244.818862765735 1377.270413215999 3366.9948758210016
3.9969150328554677 4516.129309524443 347.50408355825334 2466.640456682809 1302.6868184444525 3727.4828361290224 2367.0810288896923 2532.213940666742 1706.1976519892837 1377.270413215999 3044.260269156722
3.9969150328554677 1012.0421117169896 3475.6201077367555 834.8587278156439 412.02866696075756 2658.995006857082 2322.0828395039725 4933.2290504059265 1124.6159283141508 4181.786195385033 264.92029078942835
3.9969150328554677 3774.8064653990596 2423.853141296972 4975.448890923663 1302.6868184444525 3611.453979218675 1677.291705199071 370.31634108728935 4244.818862765735 1377.270413215999 3366.9948758210016
