3.9362755328712944 338.58708704670056 177.6732369140576 146.31359843192593 211.25536118604668 315.2922967771213 77.5349226741481 435.91544576891516 330.2482920952541 382.43726482097253 79.48437442026163
3.91486962267222 449.62097200918186 145.9567903336907 76.52036955251276 55.298774774907066 480.11609886103315 339.79453402153547 437.79411306284334 454.6325715880891 252.79687444319583 300.20125344910787
3.8036530276288136 71.71746121652882 145.9567903336907 77.38879821360365 345.5358068292327 504.8961304653734 18.478929777681614 437.79411306284334 180.44204204938012 205.62270224365682 118.90489753374004
3.8798943905733863 391.8794088753958 366.2369139901439 119.94616736757942 29.87595103521629 197.93053085132465 134.64240441818765 385.5662432940407 418.92091371480217 73.36714548742746 283.89012520125016
3.637194451451996 401.5541624225916 195.2311936573786 482.21424151515083 55.298774774907066 480.11609886103315 25.091301363525417 454.2945009442949 259.35956103652813 252.79687444319583 300.20125344910787
3.7927838025591165 440.9628149975799 253.93998363812392 320.26015240464034 254.222882361799 110.47674922965382 273.73988258017744 334.7815839166908 167.81421868343423 156.10357216584097 490.3367753087663
3.688710357595495 295.8097390394868 58.129504926037306 467.23394052704134 167.08943749388072 408.5425010578624 410.68906127999276 176.74973265705916 103.26862709148551 123.93465987038594 192.77899232447095
3.7915588598413694 160.2383666446114 313.78484944582715 220.30307076978914 208.2587403701768 260.64935334837435 84.35533146462132 174.27675491105364 97.3718558793334 100.84683337783741 368.12056084676726
3.9930651065545075 351.7314006924245 105.05949540769632 425.28031664416386 227.70541331318597 53.022923086917295 6.452247711873074 171.21878760038825 301.00045932636533 411.62827680242987 258.0724102565951
3.869900541279408 295.8097390394868 58.22950492603731 445.2718797238651 416.6766582609621 287.9669959411195 410.68906127999276 176.74973265705916 276.24078152863336 356.5454164268254 440.14619311622334
3.897446469637573 160.2383666446114 105.05949540769632 220.30307076978914 227.70541331318597 18.94437808958582 84.35533146462132 171.21878760038825 97.3718558793334 411.62827680242987 87.2093489271132
4.043375272486514 440.9628149975799 253.93998363812392 334.57890452954666 154.88414560216557 147.0444866768387 273.73988258017744 334.7815839166908 303.2504071756108 108.5578552761795 292.95461322650175
3.80516000110369 449.62097200918186 6.137013780863315 76.52036955251276 475.90104398725657 168.8575005448513 339.79453402153547 357.5169574893112 454.6325715880891 200.3587017586899 257.99453970974
3.967749406522607 298.78563472419773 463.6128117000539 334.57890452954666 251.4780568245933 147.0444866768387 418.2310732736013 417.6282621003326 303.2504071756108 322.56447515121664 292.95461322650175
3.8542930076662976 145.96563307967057 101.97095265396506 248.622870336661 254.222882361799 135.65129884679033 224.78142343148633 393.1423673860171 147.84196857134336 156.10357216584097 302.77016748797627
4.0768055498276015 71.71746121652882 145.9567903336907 354.6539349142494 167.08943749388072 32.02173321391205 18.478929777681614 437.79411306284334 472.012391182807 123.93465987038594 103.01819507563289
3.7230990715632437 145.96563307967057 427.4246169195752 248.622870336661 397.07163042520875 76.77809991515909 224.78142343148633 494.5217022932131 147.84196857134336 172.67589450830434 375.93744588795744
3.854212589908879 277.5892174563193 123.05461274912827 467.23394052704134 266.3386759109431 408.5425010578624 105.2561952113738 126.66206705241221 103.26862709148551 152.60387698217144 192.77899232447095
3.6549967401910477 135.87797385168463 262.8929493870689 481.11408031192815 397.07163042520875 71.69573788595683 376.9588508275537 73.03040095827266 405.3889799581402 172.67589450830434 502.75674297429134
3.7765880996297354 174.5919446374211 144.73245747060338 481.11408031192815 266.3386759109431 71.69573788595683 498.3055362091711 247.9973088902941 405.3889799581402 152.60387698217144 502.75674297429134
3.841303914393204 71.71746121652882 78.5831191639781 77.38879821360365 257.6007153101107 258.1422432508159 18.478929777681614 206.08631930417548 180.44204204938012 255.13041214282185 241.22397364244537
4.138906703194319 483.00274938257826 195.2311936573786 146.31359843192593 212.96184922837654 315.2922967771213 334.6015929163754 454.2945009442949 330.2482920952541 457.6688247912436 79.48437442026163
