3.9362755328712944 1012.0421117169896 3475.5201077367556 4975.448890923663 1302.6868184444525 3611.453979218675 2322.0828395039725 4933.2290504059265 4244.818862765735 1377.270413215999 3366.9948758210016
3.91486962267222 1012.0421117169896 3475.6201077367555 834.8587278156439 412.02866696075756 2658.995006857082 2322.0828395039725 4933.329050405927 1124.6159283141508 4181.786195385033 264.92029078942835
3.8036530276288136 4516.129309524443 347.50408355825334 2466.640456682809 412.02866696075756 2658.995006857082 2367.1810288896922 2532.213940666742 1706.1976519892837 4181.786195385033 264.92029078942835
3.8798943905733863 1012.0421117169896 3475.5201077367556 2466.640456682809 1302.6868184444525 3727.4828361290224 2322.0828395039725 4933.2290504059265 1706.1976519892837 1377.270413215999 3044.260269156722
3.637194451451996 3774.8064653990596 2423.853141296972 2466.640456682809 1302.6868184444525 3727.4828361290224 1677.3917051990709 370.31634108728935 1706.1976519892837 1377.270413215999 3044.260269156722
3.7927838025591165 4516.129309524443 347.50408355825334 2466.640456682809 1302.6868184444525 3727.5828361290223 2367.0810288896923 2532.213940666742 1706.1976519892837 1377.270413215999 3044.260269156722
3.688710357595495 3774.8064653990596 2423.853141296972 2466.640456682809 1302.6868184444525 3727.4828361290224 1677.291705199071 370.31634108728935 1706.2976519892836 1377.270413215999 3044.260269156722
3.7915588598413694 4516.129309524443 2423.853141296972 2466.640456682809 1302.6868184444525 3611.453979218675 2367.0810288896923 370.31634108728935 1706.1976519892837 1377.270413215999 3366.8948758210017
3.9930651065545075 3774.8064653990596 347.50408355825334 4975.448890923663 1302.7868184444524 3727.4828361290224 1677.291705199071 2532.213940666742 4244.818862765735 1377.270413215999 3044.260269156722
3.869900541279408 4516.129309524443 347.4040835582533 4975.448890923663 1302.6868184444525 3611.453979218675 2367.0810288896923 2532.213940666742 4244.818862765735 1377.270413215999 3366.9948758210016
3.897446469637573 3774.8064653990596 2423.853141296972 2466.640456682809 1302.6868184444525 3727.4828361290224 1677.291705199071 370.41634108728937 1706.1976519892837 1377.270413215999 3044.260269156722
4.043375272486514 4516.129309524443 347.50408355825334 834.8587278156439 412.02866696075756 2658.995006857082 2367.0810288896923 2532.213940666742 1124.6159283141508 4181.786195385033 264.8202907894283
3.80516000110369 4516.129309524443 347.50408355825334 2466.640456682809 1302.6868184444525 3727.4828361290224 2367.0810288896923 2532.213940666742 1706.1976519892837 1377.370413215999 3044.260269156722
3.967749406522607 1012.0421117169896 3475.5201077367556 2466.640456682809 412.02866696075756 3727.4828361290224 2322.0828395039725 4933.2290504059265 1706.1976519892837 4181.786195385033 3044.260269156722
3.8542930076662976 1012.0421117169896 3475.6201077367555 834.8587278156439 1302.6868184444525 3727.3828361290225 2322.0828395039725 4933.2290504059265 1124.6159283141508 1377.270413215999 3044.260269156722
4.0768055498276015 4516.129309524443 347.50408355825334 4975.448890923663 1302.6868184444525 3611.453979218675 2367.0810288896923 2532.213940666742 4244.818862765735 1377.270413215999 3367.0948758210016
3.7230990715632437 1012.0421117169896 2423.853141296972 834.8587278156439 1302.6868184444525 2658.995006857082 2322.1828395039724 370.31634108728935 1124.6159283141508 1377.270413215999 264.92029078942835
3.854212589908879 1012.0421117169896 347.4040835582533 834.8587278156439 1302.6868184444525 2658.995006857082 2322.0828395039725 2532.213940666742 1124.6159283141508 1377.270413215999 264.92029078942835
3.6549967401910477 4516.129309524443 347.50408355825334 834.8587278156439 1302.6868184444525 2659.095006857082 2367.0810288896923 2532.213940666742 1124.6159283141508 1377.270413215999 264.92029078942835
3.7765880996297354 1012.0421117169896 3475.6201077367555 834.8587278156439 412.02866696075756 2658.995006857082 2322.0828395039725 4933.2290504059265 1124.6159283141508 4181.886195385034 264.92029078942835
3.841303914393204 4516.129309524443 347.50408355825334 2466.640456682809 1302.6868184444525 3727.3828361290225 2367.0810288896923 2532.213940666742 1706.1976519892837 1377.270413215999 3044.260269156722
4.138906703194319 3774.8064653990596 2423.853141296972 834.8587278156439 1302.6868184444525 2658.995006857082 1677.291705199071 370.41634108728937 1124.6159283141508 1377.270413215999 264.92029078942835
4.105221886596125 1012.0421117169896 2423.853141296972 834.8587278156439 1302.6868184444525 2658.995006857082 2322.0828395039725 370.31634108728935 1124.6159283141508 1377.270413215999 265.0202907894284
4.105221886596125 3774.8064653990596 2423.853141296972 4975.448890923663 412.02866696075756 2658.995006857082 1677.291705199071 370.2163410872893 4244.818862765735 4181.786195385033 264.92029078942835
4.105221886596125 3774.8064653990596 3475.7201077367554 4975.448890923663 412.02866696075756 3611.453979218675 1677.291705199071 4933.2290504059265 4244.818862765735 4181.786195385033 3366.9948758210016
3.9362755328712944 3774.8064653990596 2423.853141296972 4975.448890923663 1302.6868184444525 3611.453979218675 1677.291705199071 370.41634108728937 4244.818862765735 1377.270413215999 3366.9948758210016
3.91486962267222 3774.8064653990596 2423.853141296972 834.8587278156439 412.02866696075756 2658.995006857082 1677.291705199071 370.31634108728935 1124.6159283141508 4181.886195385034 264.92029078942835
3.8036530276288136 4516.129309524443 347.50408355825334 4975.448890923663 1302.6868184444525 3611.453979218675 2367.0810288896923 2532.113940666742 4244.818862765735 1377.270413215999 3366.9948758210016
3.8798943905733863 1012.0421117169896 3475.6201077367555 834.8587278156439 412.02866696075756 2658.995006857082 2322.0828395039725 4933.129050405926 1124.6159283141508 4181.786195385033 264.92029078942835
3.637194451451996 4516.129309524443 3475.6201077367555 2466.640456682809 412.02866696075756 3727.3828361290225 2367.0810288896923 4933.2290504059265 1706.1976519892837 4181.786195385033 3044.260269156722
3.7927838025591165 1012.0421117169896 3475.6201077367555 834.7587278156439 1302.6868184444525 3611.453979218675 2322.0828395039725 4933.2290504059265 1124.6159283141508 1377.270413215999 3366.9948758210016
3.688710357595495 4516.129309524443 2423.953141296972 2466.640456682809 1302.6868184444525 3727.4828361290224 2367.0810288896923 370.31634108728935 1706.1976519892837 1377.270413215999 3044.260269156722
3.7915588598413694 4516.129309524443 347.50408355825334 2466.640456682809 1302.6868184444525 3727.4828361290224 2367.0810288896923 2532.213940666742 1706.0976519892838 1377.270413215999 3044.260269156722
3.9930651065545075 3774.8064653990596 3475.6201077367555 4975.348890923663 412.02866696075756 3611.453979218675 1677.291705199071 4933.2290504059265 4244.818862765735 4181.786195385033 3366.9948758210016
3.869900541279408 3774.8064653990596 2423.853141296972 4975.548890923664 1302.6868184444525 3611.453979218675 1677.291705199071 370.31634108728935 4244.818862765735 1377.270413215999 3366.9948758210016
3.897446469637573 1012.0421117169896 3475.6201077367555 834.8587278156439 412.02866696075756 2659.095006857082 2322.0828395039725 4933.2290504059265 1124.6159283141508 4181.786195385033 264.92029078942835
4.043375272486514 1012.0421117169896 3475.6201077367555 4975.448890923663 1302.7868184444524 3611.453979218675 2322.0828395039725 4933.2290504059265 4244.818862765735 1377.270413215999 3366.9948758210016
3.80516000110369 1012.0421117169896 3475.6201077367555 4975.348890923663 1302.6868184444525 3611.453979218675 2322.0828395039725 4933.2290504059265 4244.818862765735 1377.270413215999 3366.9948758210016
3.967749406522607 3774.8064653990596 3475.6201077367555 4975.548890923664 412.02866696075756 2658.995006857082 1677.291705199071 4933.2290504059265 4244.818862765735 4181.786195385033 264.92029078942835
3.8542930076662976 4516.129309524443 347.4040835582533 2466.640456682809 1302.6868184444525 3611.453979218675 2367.0810288896923 2532.213940666742 1706.1976519892837 1377.270413215999 3366.9948758210016
4.0768055498276015 3774.8064653990596 2423.853141296972 4975.448890923663 1302.5868184444525 3611.453979218675 1677.291705199071 370.31634108728935 4244.818862765735 1377.270413215999 3366.9948758210016
3.7230990715632437 1012.0421117169896 3475.6201077367555 834.8587278156439 1302.6868184444525 3727.3828361290225 2322.0828395039725 4933.2290504059265 1124.6159283141508 1377.270413215999 3044.260269156722
3.854212589908879 3774.8064653990596 3475.6201077367555 4975.448890923663 412.02866696075756 2658.995006857082 1677.291705199071 4933.2290504059265 4244.718862765734 4181.786195385033 264.92029078942835
3.6549967401910477 1012.0421117169896 3475.6201077367555 834.7587278156439 412.02866696075756 2658.995006857082 2322.0828395039725 4933.2290504059265 1124.6159283141508 4181.786195385033 264.92029078942835
3.7765880996297354 3774.8064653990596 2423.853141296972 2466.640456682809 1302.7868184444524 3727.4828361290224 1677.291705199071 370.31634108728935 1706.1976519892837 1377.270413215999 3044.260269156722
3.841303914393204 4516.129309524443 347.50408355825334 2466.640456682809 412.02866696075756 2658.995006857082 2367.0810288896923 2532.313940666742 1706.1976519892837 4181.786195385033 264.92029078942835
4.138906703194319 1012.0421117169896 3475.6201077367555 4975.448890923663 1302.6868184444525 3611.453979218675 2322.0828395039725 4933.329050405927 4244.818862765735 1377.270413215999 3366.9948758210016
4.105221886596125 3774.8064653990596 2423.853141296972 4975.448890923663 1302.6868184444525 3611.453979218675 1677.291705199071 370.31634108728935 4244.918862765735 1377.270413215999 3366.9948758210016
4.105221886596125 1012.0421117169896 347.50408355825334 834.8587278156439 1302.7868184444524 3727.4828361290224 2322.0828395039725 2532.213940666742 1124.6159283141508 1377.270413215999 3044.260269156722
4.105221886596125 1012.0421117169896 3475.6201077367555 834.8587278156439 412.02866696075756 2658.995006857082 2322.0828395039725 4933.129050405926 1124.6159283141508 4181.786195385033 264.92029078942835
3.9362755328712944 1012.0421117169896 3475.6201077367555 834.8587278156439 412.02866696075756 2658.995006857082 2322.0828395039725 4933.129050405926 1124.6159283141508 4181.786195385033 264.92029078942835
3.91486962267222 1012.0421117169896 3475.6201077367555 834.7587278156439 1302.6868184444525 3611.453979218675 2322.0828395039725 4933.2290504059265 1124.6159283141508 1377.270413215999 3366.9948758210016
3.8036530276288136 4516.129309524443 2423.853141296972 2466.640456682809 1302.6868184444525 3727.4828361290224 2367.0810288896923 370.31634108728935 1706.1976519892837 1377.270413215999 3044.360269156722
3.8798943905733863 1012.0421117169896 347.50408355825334 834.8587278156439 1302.6868184444525 3727.4828361290224 2322.0828395039725 2532.213940666742 1124.5159283141509 1377.270413215999 3044.260269156722
3.637194451451996 3774.8064653990596 2423.853141296972 4975.448890923663 1302.5868184444525 3611.453979218675 1677.291705199071 370.31634108728935 4244.818862765735 1377.270413215999 3366.9948758210016
3.7927838025591165 4516.129309524443 347.50408355825334 2466.640456682809 412.02866696075756 2658.995006857082 2367.0810288896923 2532.213940666742 1706.0976519892838 4181.786195385033 264.92029078942835
3.688710357595495 4516.129309524443 347.50408355825334 2466.640456682809 412.02866696075756 2658.995006857082 2367.0810288896923 2532.213940666742 1706.2976519892836 4181.786195385033 264.92029078942835
3.7915588598413694 1012.0421117169896 3475.6201077367555 2466.640456682809 1302.6868184444525 3727.4828361290224 2322.0828395039725 4933.2290504059265 1706.1976519892837 1377.370413215999 3044.260269156722
3.9930651065545075 4516.129309524443 347.50408355825334 2466.640456682809 1302.6868184444525 3727.4828361290224 2367.0810288896923 2532.113940666742 1706.1976519892837 1377.270413215999 3044.260269156722
3.869900541279408 1012.0421117169896 3475.6201077367555 4975.448890923663 1302.6868184444525 3611.453979218675 2322.0828395039725 4933.329050405927 4244.818862765735 1377.270413215999 3366.9948758210016
3.897446469637573 3774.8064653990596 347.50408355825334 4975.448890923663 1302.5868184444525 3727.4828361290224 1677.291705199071 2532.213940666742 4244.818862765735 1377.270413215999 3044.260269156722
4.043375272486514 3774.8064653990596 2423.853141296972 4975.448890923663 1302.6868184444525 3611.453979218675 1677.291705199071 370.31634108728935 4244.918862765735 1377.270413215999 3366.9948758210016
3.80516000110369 4516.129309524443 347.50408355825334 2466.640456682809 1302.6868184444525 3727.4828361290224 2367.0810288896923 2532.213940666742 1706.0976519892838 1377.270413215999 3044.260269156722
3.967749406522607 1012.0421117169896 3475.6201077367555 834.8587278156439 1302.6868184444525 3727.5828361290223 2322.0828395039725 4933.2290504059265 1124.6159283141508 1377.270413215999 3044.260269156722
3.8542930076662976 3774.8064653990596 2423.853141296972 4975.448890923663 1302.6868184444525 3611.453979218675 1677.291705199071 370.31634108728935 4244.818862765735 1377.270413215999 3367.0948758210016
4.0768055498276015 1012.0421117169896 3475.6201077367555 834.8587278156439 1302.6868184444525 3727.4828361290224 2322.0828395039725 4933.129050405926 1124.6159283141508 1377.270413215999 3044.260269156722
3.7230990715632437 3774.8064653990596 347.50408355825334 4975.448890923663 1302.6868184444525 3611.553979218675 1677.291705199071 2532.213940666742 4244.818862765735 1377.270413215999 3366.9948758210016
3.854212589908879 4516.129309524443 2423.853141296972 2466.5404566828092 1302.6868184444525 3727.4828361290224 2367.0810288896923 370.31634108728935 1706.1976519892837 1377.270413215999 3044.260269156722
3.6549967401910477 3774.8064653990596 2423.853141296972 2466.640456682809 1302.6868184444525 3727.4828361290224 1677.291705199071 370.31634108728935 1706.1976519892837 1377.370413215999 3044.260269156722
3.7765880996297354 1012.0421117169896 347.50408355825334 834.8587278156439 1302.6868184444525 2658.995006857082 2322.0828395039725 2532.213940666742 1124.6159283141508 1377.270413215999 264.8202907894283
3.841303914393204 3774.8064653990596 2423.853141296972 834.8587278156439 412.02866696075756 2658.995006857082 1677.291705199071 370.31634108728935 1124.5159283141509 4181.786195385033 264.92029078942835
4.138906703194319 1012.0421117169896 2423.853141296972 834.8587278156439 1302.5868184444525 2658.995006857082 2322.0828395039725 370.31634108728935 1124.6159283141508 1377.270413215999 264.92029078942835
4.134501148987263 3774.8064653990596 2423.853141296972 4975.448890923663 1302.6868184444525 3611.453979218675 1677.291705199071 370.31634108728935 4244.718862765734 1377.270413215999 3366.9948758210016
4.134501148987263 3774.8064653990596 2423.853141296972 4975.348890923663 1302.6868184444525 3611.453979218675 1677.291705199071 370.31634108728935 4244.818862765735 1377.270413215999 3366.9948758210016
4.134501148987263 3774.8064653990596 2423.853141296972 4975.448890923663 1302.6868184444525 3611.453979218675 1677.3917051990709 370.31634108728935 4244.818862765735 1377.270413215999 3366.9948758210016
4.134501148987263 1012.0421117169896 2423.853141296972 834.7587278156439 1302.6868184444525 2658.995006857082 2322.0828395039725 370.31634108728935 1124.6159283141508 1377.270413215999 264.92029078942835
4.134501148987263 1012.0421117169896 3475.6201077367555 834.8587278156439 411.92866696075754 2658.995006857082 2322.0828395039725 4933.2290504059265 1124.6159283141508 4181.786195385033 264.92029078942835
4.134501148987263 1012.0421117169896 3475.6201077367555 834.8587278156439 1302.6868184444525 3727.4828361290224 2322.0828395039725 4933.2290504059265 1124.6159283141508 1377.270413215999 3044.360269156722
4.134501148987263 4516.129309524443 347.50408355825334 2466.640456682809 1302.6868184444525 3611.453979218675 2367.0810288896923 2532.313940666742 1706.1976519892837 1377.270413215999 3366.9948758210016
3.9362755328712944 1012.0421117169896 3475.6201077367555 834.8587278156439 412.02866696075756 2658.995006857082 2322.0828395039725 4933.2290504059265 1124.6159283141508 4181.786195385033 264.8202907894283
3.91486962267222 3774.8064653990596 2423.853141296972 4975.448890923663 412.02866696075756 2658.995006857082 1677.191705199071 370.31634108728935 4244.818862765735 4181.786195385033 264.92029078942835
3.8036530276288136 1012.0421117169896 3475.7201077367554 2466.640456682809 1302.6868184444525 3727.4828361290224 2322.0828395039725 4933.2290504059265 1706.1976519892837 1377.270413215999 3044.260269156722
3.8798943905733863 1012.0421117169896 3475.6201077367555 834.8587278156439 411.92866696075754 2658.995006857082 2322.0828395039725 4933.2290504059265 1124.6159283141508 4181.786195385033 264.92029078942835
3.637194451451996 3774.8064653990596 2423.853141296972 834.8587278156439 1302.6868184444525 2658.895006857082 1677.291705199071 370.31634108728935 1124.6159283141508 1377.270413215999 264.92029078942835
3.7927838025591165 4516.129309524443 347.60408355825336 4975.448890923663 1302.6868184444525 3611.453979218675 2367.0810288896923 2532.213940666742 4244.818862765735 1377.270413215999 3366.9948758210016
3.688710357595495 3774.8064653990596 2423.853141296972 4975.448890923663 412.02866696075756 2658.995006857082 1677.291705199071 370.31634108728935 4244.718862765734 4181.786195385033 264.92029078942835
3.7915588598413694 4516.129309524443 3475.6201077367555 2466.640456682809 412.02866696075756 3727.4828361290224 2367.0810288896923 4933.329050405927 1706.1976519892837 4181.786195385033 3044.260269156722
3.9930651065545075 1012.0421117169896 3475.5201077367556 834.8587278156439 412.02866696075756 2658.995006857082 2322.0828395039725 4933.2290504059265 1124.6159283141508 4181.786195385033 264.92029078942835
3.869900541279408 3774.8064653990596 2423.853141296972 4975.448890923663 1302.6868184444525 3611.453979218675 1677.291705199071 370.31634108728935 4244.818862765735 1377.270413215999 3366.8948758210017
3.897446469637573 3774.8064653990596 347.50408355825334 4975.548890923664 1302.6868184444525 3727.4828361290224 1677.291705199071 2532.213940666742 4244.818862765735 1377.270413215999 3044.260269156722
4.043375272486514 3774.8064653990596 2423.853141296972 4975.448890923663 1302.6868184444525 3611.453979218675 1677.291705199071 370.2163410872893 4244.818862765735 1377.270413215999 3366.9948758210016
3.80516000110369 1012.0421117169896 2423.853141296972 834.9587278156439 1302.6868184444525 3611.453979218675 2322.0828395039725 370.31634108728935 1124.6159283141508 1377.270413215999 3366.9948758210016
3.967749406522607 4516.129309524443 2423.853141296972 2466.640456682809 1302.6868184444525 3727.5828361290223 2367.0810288896923 370.31634108728935 1706.1976519892837 1377.270413215999 3044.260269156722
3.8542930076662976 1011.9421117169895 2423.853141296972 834.8587278156439 1302.6868184444525 3611.453979218675 2322.0828395039725 370.31634108728935 1124.6159283141508 1377.270413215999 3366.9948758210016
4.0768055498276015 4516.129309524443 2423.853141296972 2466.640456682809 1302.6868184444525 3611.453979218675 2367.0810288896923 370.31634108728935 1706.1976519892837 1377.270413215999 3366.8948758210017
3.7230990715632437 4516.129309524443 3475.6201077367555 2466.640456682809 412.02866696075756 2658.995006857082 2367.0810288896923 4933.2290504059265 1706.1976519892837 4181.786195385033 264.8202907894283
3.854212589908879 1012.1421117169896 3475.6201077367555 2466.640456682809 412.02866696075756 3727.4828361290224 2322.0828395039725 4933.2290504059265 1706.1976519892837 4181.786195385033 3044.260269156722
3.6549967401910477 3774.8064653990596 2423.953141296972 4975.448890923663 1302.6868184444525 3611.453979218675 1677.291705199071 370.31634108728935 4244.818862765735 1377.270413215999 3366.9948758210016
3.7765880996297354 3774.8064653990596 2423.753141296972 2466.640456682809 1302.6868184444525 3727.4828361290224 1677.291705199071 370.31634108728935 1706.1976519892837 1377.270413215999 3044.260269156722
3.841303914393204 1012.0421117169896 3475.6201077367555 2466.640456682809 1302.6868184444525 3727.4828361290224 2322.0828395039725 4933.2290504059265 1706.1976519892837 1377.270413215999 3044.360269156722
4.138906703194319 1012.0421117169896 3475.6201077367555 834.8587278156439 412.02866696075756 2658.895006857082 2322.0828395039725 4933.2290504059265 1124.6159283141508 4181.786195385033 264.92029078942835
4.15219585418063 1012.0421117169896 3475.6201077367555 834.9587278156439 412.02866696075756 2658.995006857082 2322.0828395039725 4933.2290504059265 1124.6159283141508 4181.786195385033 264.92029078942835
4.15219585418063 4516.129309524443 347.50408355825334 834.8587278156439 412.02866696075756 2658.995006857082 2367.0810288896923 2532.213940666742 1124.6159283141508 4181.786195385033 264.8202907894283
4.15219585418063 4516.129309524443 347.50408355825334 2466.5404566828092 1302.6868184444525 3727.4828361290224 2367.0810288896923 2532.213940666742 1706.1976519892837 1377.270413215999 3044.260269156722
4.15219585418063 1012.0421117169896 3475.6201077367555 834.8587278156439 412.1286669607576 2658.995006857082 2322.0828395039725 4933.2290504059265 1124.6159283141508 4181.786195385033 264.92029078942835
4.15219585418063 4516.229309524443 347.50408355825334 834.8587278156439 412.02866696075756 2658.995006857082 2367.0810288896923 2532.213940666742 1124.6159283141508 4181.786195385033 264.92029078942835
4.15219585418063 3774.8064653990596 2423.853141296972 4975.448890923663 1302.6868184444525 3611.453979218675 1677.291705199071 370.31634108728935 4244.818862765735 1377.1704132159991 3366.9948758210016
4.15219585418063 4516.129309524443 347.50408355825334 2466.640456682809 1302.6868184444525 3727.4828361290224 2367.0810288896923 2532.213940666742 1706.1976519892837 1377.270413215999 3044.1602691567223
4.15219585418063 3774.8064653990596 2423.853141296972 4975.548890923664 1302.6868184444525 3727.4828361290224 1677.291705199071 370.31634108728935 4244.818862765735 1377.270413215999 3044.260269156722
4.15219585418063 1012.1421117169896 3475.6201077367555 834.8587278156439 412.02866696075756 2658.995006857082 2322.0828395039725 4933.2290504059265 1124.6159283141508 4181.786195385033 264.92029078942835
4.15219585418063 3774.8064653990596 2423.853141296972 4975.448890923663 412.02866696075756 2658.995006857082 1677.291705199071 370.2163410872893 4244.818862765735 4181.786195385033 264.92029078942835
3.9362755328712944 1012.0421117169896 347.50408355825334 834.8587278156439 1302.6868184444525 3727.5828361290223 2322.0828395039725 2532.213940666742 1124.6159283141508 1377.270413215999 3044.260269156722
3.91486962267222 1012.0421117169896 2423.853141296972 834.8587278156439 1302.6868184444525 3611.453979218675 2321.9828395039726 370.31634108728935 1124.6159283141508 1377.270413215999 3366.9948758210016
3.8036530276288136 3774.8064653990596 2423.853141296972 4975.448890923663 1302.6868184444525 3727.4828361290224 1677.291705199071 370.31634108728935 4244.818862765735 1377.270413215999 3044.360269156722
3.8798943905733863 1012.0421117169896 3475.6201077367555 834.8587278156439 412.1286669607576 2658.995006857082 2322.0828395039725 4933.2290504059265 1124.6159283141508 4181.786195385033 264.92029078942835
3.637194451451996 1012.0421117169896 3475.6201077367555 834.8587278156439 412.02866696075756 2658.995006857082 2322.1828395039724 4933.2290504059265 1124.6159283141508 4181.786195385033 264.92029078942835
3.7927838025591165 4516.129309524443 347.50408355825334 2466.640456682809 1302.6868184444525 3727.4828361290224 2367.0810288896923 2532.213940666742 1706.1976519892837 1377.270413215999 3044.360269156722
3.688710357595495 3774.8064653990596 2423.853141296972 2466.640456682809 1302.6868184444525 3727.4828361290224 1677.191705199071 370.31634108728935 1706.1976519892837 1377.270413215999 3044.260269156722
3.7915588598413694 1012.0421117169896 3475.6201077367555 4975.448890923663 1302.6868184444525 3611.553979218675 2322.0828395039725 4933.2290504059265 4244.818862765735 1377.270413215999 3366.9948758210016
3.9930651065545075 4516.129309524443 347.50408355825334 834.8587278156439 412.02866696075756 2658.995006857082 2367.1810288896922 2532.213940666742 1124.6159283141508 4181.786195385033 264.92029078942835
3.869900541279408 4516.129309524443 347.50408355825334 2466.640456682809 1302.6868184444525 3727.4828361290224 2367.0810288896923 2532.213940666742 1706.1976519892837 1377.270413215999 3044.1602691567223
3.897446469637573 1012.0421117169896 3475.6201077367555 834.8587278156439 412.02866696075756 2658.995006857082 2322.0828395039725 4933.2290504059265 1124.7159283141507 4181.786195385033 264.92029078942835
4.043375272486514 4516.029309524442 2423.853141296972 2466.640456682809 1302.6868184444525 3727.4828361290224 2367.0810288896923 370.31634108728935 1706.1976519892837 1377.270413215999 3044.260269156722
3.80516000110369 3774.8064653990596 2423.853141296972 2466.640456682809 1302.6868184444525 3727.3828361290225 1677.291705199071 370.31634108728935 1706.1976519892837 1377.270413215999 3044.260269156722
3.967749406522607 4516.229309524443 347.50408355825334 2466.640456682809 1302.6868184444525 3727.4828361290224 2367.0810288896923 2532.213940666742 1706.1976519892837 1377.270413215999 3044.260269156722
