1012.0421117169896 3475.5201077367556 4975.448890923663 1302.6868184444525 3611.453979218675 2322.0828395039725 4933.2290504059265 4244.818862765735 1377.270413215999 3366.9948758210016
1012.0421117169896 3475.6201077367555 834.8587278156439 412.02866696075756 2658.995006857082 2322.0828395039725 4933.329050405927 1124.6159283141508 4181.786195385033 264.92029078942835
4516.129309524443 347.50408355825334 2466.640456682809 412.02866696075756 2658.995006857082 2367.1810288896922 2532.213940666742 1706.1976519892837 4181.786195385033 264.92029078942835
1012.0421117169896 3475.5201077367556 2466.640456682809 1302.6868184444525 3727.4828361290224 2322.0828395039725 4933.2290504059265 1706.1976519892837 1377.270413215999 3044.260269156722
3774.8064653990596 2423.853141296972 2466.640456682809 1302.6868184444525 3727.4828361290224 1677.3917051990709 370.31634108728935 1706.1976519892837 1377.270413215999 3044.260269156722
4516.129309524443 347.50408355825334 2466.640456682809 1302.6868184444525 3727.5828361290223 2367.0810288896923 2532.213940666742 1706.1976519892837 1377.270413215999 3044.260269156722
3774.8064653990596 2423.853141296972 2466.640456682809 1302.6868184444525 3727.4828361290224 1677.291705199071 370.31634108728935 1706.2976519892836 1377.270413215999 3044.260269156722
4516.129309524443 2423.853141296972 2466.640456682809 1302.6868184444525 3611.453979218675 2367.0810288896923 370.31634108728935 1706.1976519892837 1377.270413215999 3366.8948758210017
3774.8064653990596 347.50408355825334 4975.448890923663 1302.7868184444524 3727.4828361290224 1677.291705199071 2532.213940666742 4244.818862765735 1377.270413215999 3044.260269156722
4516.129309524443 347.4040835582533 4975.448890923663 1302.6868184444525 3611.453979218675 2367.0810288896923 2532.213940666742 4244.818862765735 1377.270413215999 3366.9948758210016
3774.8064653990596 2423.853141296972 2466.640456682809 1302.6868184444525 3727.4828361290224 1677.291705199071 370.41634108728937 1706.1976519892837 1377.270413215999 3044.260269156722
4516.129309524443 347.50408355825334 834.8587278156439 412.02866696075756 2658.995006857082 2367.0810288896923 2532.213940666742 1124.6159283141508 4181.786195385033 264.8202907894283
4516.129309524443 347.50408355825334 2466.640456682809 1302.6868184444525 3727.4828361290224 2367.0810288896923 2532.213940666742 1706.1976519892837 1377.370413215999 3044.260269156722
1012.0421117169896 3475.5201077367556 2466.640456682809 412.02866696075756 3727.4828361290224 2322.0828395039725 4933.2290504059265 1706.1976519892837 4181.786195385033 3044.260269156722
1012.0421117169896 3475.6201077367555 834.8587278156439 1302.6868184444525 3727.3828361290225 2322.0828395039725 4933.2290504059265 1124.6159283141508 1377.270413215999 3044.260269156722
4516.129309524443 347.50408355825334 4975.448890923663 1302.6868184444525 3611.453979218675 2367.0810288896923 2532.213940666742 4244.818862765735 1377.270413215999 3367.0948758210016
1012.0421117169896 2423.853141296972 834.8587278156439 1302.6868184444525 2658.995006857082 2322.1828395039724 370.31634108728935 1124.6159283141508 1377.270413215999 264.92029078942835
1012.0421117169896 347.4040835582533 834.8587278156439 1302.6868184444525 2658.995006857082 2322.0828395039725 2532.213940666742 1124.6159283141508 1377.270413215999 264.92029078942835
4516.129309524443 347.50408355825334 834.8587278156439 1302.6868184444525 2659.095006857082 2367.0810288896923 2532.213940666742 1124.6159283141508 1377.270413215999 264.92029078942835
1012.0421117169896 3475.6201077367555 834.8587278156439 412.02866696075756 2658.995006857082 2322.0828395039725 4933.2290504059265 1124.6159283141508 4181.886195385034 264.92029078942835
4516.129309524443 347.50408355825334 2466.640456682809 1302.6868184444525 3727.3828361290225 2367.0810288896923 2532.213940666742 1706.1976519892837 1377.270413215999 3044.260269156722
3774.8064653990596 2423.853141296972 834.8587278156439 1302.6868184444525 2658.995006857082 1677.291705199071 370.41634108728937 1124.6159283141508 1377.270413215999 264.92029078942835
1012.0421117169896 2423.853141296972 834.8587278156439 1302.6868184444525 2658.995006857082 2322.0828395039725 370.31634108728935 1124.6159283141508 1377.270413215999 265.0202907894284
3774.8064653990596 2423.853141296972 4975.448890923663 412.02866696075756 2658.995006857082 1677.291705199071 370.2163410872893 4244.818862765735 4181.786195385033 264.92029078942835
3774.8064653990596 3475.7201077367554 4975.448890923663 412.02866696075756 3611.453979218675 1677.291705199071 4933.2290504059265 4244.818862765735 4181.786195385033 3366.9948758210016
3774.8064653990596 2423.853141296972 4975.448890923663 1302.6868184444525 3611.453979218675 1677.291705199071 370.41634108728937 4244.818862765735 1377.270413215999 3366.9948758210016
3774.8064653990596 2423.853141296972 834.8587278156439 412.02866696075756 2658.995006857082 1677.291705199071 370.31634108728935 1124.6159283141508 4181.886195385034 264.92029078942835
4516.129309524443 347.50408355825334 4975.448890923663 1302.6868184444525 3611.453979218675 2367.0810288896923 2532.113940666742 4244.818862765735 1377.270413215999 3366.9948758210016
1012.0421117169896 3475.6201077367555 834.8587278156439 412.02866696075756 2658.995006857082 2322.0828395039725 4933.129050405926 1124.6159283141508 4181.786195385033 264.92029078942835
4516.129309524443 3475.6201077367555 2466.640456682809 412.02866696075756 3727.3828361290225 2367.0810288896923 4933.2290504059265 1706.1976519892837 4181.786195385033 3044.260269156722
1012.0421117169896 3475.6201077367555 834.7587278156439 1302.6868184444525 3611.453979218675 2322.0828395039725 4933.2290504059265 1124.6159283141508 1377.270413215999 3366.9948758210016
4516.129309524443 2423.953141296972 2466.640456682809 1302.6868184444525 3727.4828361290224 2367.0810288896923 370.31634108728935 1706.1976519892837 1377.270413215999 3044.260269156722
4516.129309524443 347.50408355825334 2466.640456682809 1302.6868184444525 3727.4828361290224 2367.0810288896923 2532.213940666742 1706.0976519892838 1377.270413215999 3044.260269156722
3774.8064653990596 3475.6201077367555 4975.348890923663 412.02866696075756 3611.453979218675 1677.291705199071 4933.2290504059265 4244.818862765735 4181.786195385033 3366.9948758210016
3774.8064653990596 2423.853141296972 4975.548890923664 1302.6868184444525 3611.453979218675 1677.291705199071 370.31634108728935 4244.818862765735 1377.270413215999 3366.9948758210016
1012.0421117169896 3475.6201077367555 834.8587278156439 412.02866696075756 2659.095006857082 2322.0828395039725 4933.2290504059265 1124.6159283141508 4181.786195385033 264.92029078942835
1012.0421117169896 3475.6201077367555 4975.448890923663 1302.7868184444524 3611.453979218675 2322.0828395039725 4933.2290504059265 4244.818862765735 1377.270413215999 3366.9948758210016
1012.0421117169896 3475.6201077367555 4975.348890923663 1302.6868184444525 3611.453979218675 2322.0828395039725 4933.2290504059265 4244.818862765735 1377.270413215999 3366.9948758210016
3774.8064653990596 3475.6201077367555 4975.548890923664 412.02866696075756 2658.995006857082 1677.291705199071 4933.2290504059265 4244.818862765735 4181.786195385033 264.92029078942835
4516.129309524443 347.4040835582533 2466.640456682809 1302.6868184444525 3611.453979218675 2367.0810288896923 2532.213940666742 1706.1976519892837 1377.270413215999 3366.9948758210016
3774.8064653990596 2423.853141296972 4975.448890923663 1302.5868184444525 3611.453979218675 1677.291705199071 370.31634108728935 4244.818862765735 1377.270413215999 3366.9948758210016
1012.0421117169896 3475.6201077367555 834.8587278156439 1302.6868184444525 3727.3828361290225 2322.0828395039725 4933.2290504059265 1124.6159283141508 1377.270413215999 3044.260269156722
3774.8064653990596 3475.6201077367555 4975.448890923663 412.02866696075756 2658.995006857082 1677.291705199071 4933.2290504059265 4244.718862765734 4181.786195385033 264.92029078942835
1012.0421117169896 3475.6201077367555 834.7587278156439 412.02866696075756 2658.995006857082 2322.0828395039725 4933.2290504059265 1124.6159283141508 4181.786195385033 264.92029078942835
3774.8064653990596 2423.853141296972 2466.640456682809 1302.7868184444524 3727.4828361290224 1677.291705199071 370.31634108728935 1706.1976519892837 1377.270413215999 3044.260269156722
4516.129309524443 347.50408355825334 2466.640456682809 412.02866696075756 2658.995006857082 2367.0810288896923 2532.313940666742 1706.1976519892837 4181.786195385033 264.92029078942835
1012.0421117169896 3475.6201077367555 4975.448890923663 1302.6868184444525 3611.453979218675 2322.0828395039725 4933.329050405927 4244.818862765735 1377.270413215999 3366.9948758210016
3774.8064653990596 2423.853141296972 4975.448890923663 1302.6868184444525 3611.453979218675 1677.291705199071 370.31634108728935 4244.918862765735 1377.270413215999 3366.9948758210016
1012.0421117169896 347.50408355825334 834.8587278156439 1302.7868184444524 3727.4828361290224 2322.0828395039725 2532.213940666742 1124.6159283141508 1377.270413215999 3044.260269156722
1012.0421117169896 3475.6201077367555 834.8587278156439 412.02866696075756 2658.995006857082 2322.0828395039725 4933.129050405926 1124.6159283141508 4181.786195385033 264.92029078942835
1012.0421117169896 3475.6201077367555 834.8587278156439 412.02866696075756 2658.995006857082 2322.0828395039725 4933.129050405926 1124.6159283141508 4181.786195385033 264.92029078942835
1012.0421117169896 3475.6201077367555 834.7587278156439 1302.6868184444525 3611.453979218675 2322.0828395039725 4933.2290504059265 1124.6159283141508 1377.270413215999 3366.9948758210016
4516.129309524443 2423.853141296972 2466.640456682809 1302.6868184444525 3727.4828361290224 2367.0810288896923 370.31634108728935 1706.1976519892837 1377.270413215999 3044.360269156722
1012.0421117169896 347.50408355825334 834.8587278156439 1302.6868184444525 3727.4828361290224 2322.0828395039725 2532.213940666742 1124.5159283141509 1377.270413215999 3044.260269156722
3774.8064653990596 2423.853141296972 4975.448890923663 1302.5868184444525 3611.453979218675 1677.291705199071 370.31634108728935 4244.818862765735 1377.270413215999 3366.9948758210016
4516.129309524443 347.50408355825334 2466.640456682809 412.02866696075756 2658.995006857082 2367.0810288896923 2532.213940666742 1706.0976519892838 4181.786195385033 264.92029078942835
4516.129309524443 347.50408355825334 2466.640456682809 412.02866696075756 2658.995006857082 2367.0810288896923 2532.213940666742 1706.2976519892836 4181.786195385033 264.92029078942835
1012.0421117169896 3475.6201077367555 2466.640456682809 1302.6868184444525 3727.4828361290224 2322.0828395039725 4933.2290504059265 1706.1976519892837 1377.370413215999 3044.260269156722
4516.129309524443 347.50408355825334 2466.640456682809 1302.6868184444525 3727.4828361290224 2367.0810288896923 2532.113940666742 1706.1976519892837 1377.270413215999 3044.260269156722
1012.0421117169896 3475.6201077367555 4975.448890923663 1302.6868184444525 3611.453979218675 2322.0828395039725 4933.329050405927 4244.818862765735 1377.270413215999 3366.9948758210016
3774.8064653990596 347.50408355825334 4975.448890923663 1302.5868184444525 3727.4828361290224 1677.291705199071 2532.213940666742 4244.818862765735 1377.270413215999 3044.260269156722
3774.8064653990596 2423.853141296972 4975.448890923663 1302.6868184444525 3611.453979218675 1677.291705199071 370.31634108728935 4244.918862765735 1377.270413215999 3366.9948758210016
4516.129309524443 347.50408355825334 2466.640456682809 1302.6868184444525 3727.4828361290224 2367.0810288896923 2532.213940666742 1706.0976519892838 1377.270413215999 3044.260269156722
1012.0421117169896 3475.6201077367555 834.8587278156439 1302.6868184444525 3727.5828361290223 2322.0828395039725 4933.2290504059265 1124.6159283141508 1377.270413215999 3044.260269156722
3774.8064653990596 2423.853141296972 4975.448890923663 1302.6868184444525 3611.453979218675 1677.291705199071 370.31634108728935 4244.818862765735 1377.270413215999 3367.0948758210016
1012.0421117169896 3475.6201077367555 834.8587278156439 1302.6868184444525 3727.4828361290224 2322.0828395039725 4933.129050405926 1124.6159283141508 1377.270413215999 3044.260269156722
3774.8064653990596 347.50408355825334 4975.448890923663 1302.6868184444525 3611.553979218675 1677.291705199071 2532.213940666742 4244.818862765735 1377.270413215999 3366.9948758210016
4516.129309524443 2423.853141296972 2466.5404566828092 1302.6868184444525 3727.4828361290224 2367.0810288896923 370.31634108728935 1706.1976519892837 1377.270413215999 3044.260269156722
3774.8064653990596 2423.853141296972 2466.640456682809 1302.6868184444525 3727.4828361290224 1677.291705199071 370.31634108728935 1706.1976519892837 1377.370413215999 3044.260269156722
1012.0421117169896 347.50408355825334 834.8587278156439 1302.6868184444525 2658.995006857082 2322.0828395039725 2532.213940666742 1124.6159283141508 1377.270413215999 264.8202907894283
3774.8064653990596 2423.853141296972 834.8587278156439 412.02866696075756 2658.995006857082 1677.291705199071 370.31634108728935 1124.5159283141509 4181.786195385033 264.92029078942835
1012.0421117169896 2423.853141296972 834.8587278156439 1302.5868184444525 2658.995006857082 2322.0828395039725 370.31634108728935 1124.6159283141508 1377.270413215999 264.92029078942835
3774.8064653990596 2423.853141296972 4975.448890923663 1302.6868184444525 3611.453979218675 1677.291705199071 370.31634108728935 4244.718862765734 1377.270413215999 3366.9948758210016
3774.8064653990596 2423.853141296972 4975.348890923663 1302.6868184444525 3611.453979218675 1677.291705199071 370.31634108728935 4244.818862765735 1377.270413215999 3366.9948758210016
3774.8064653990596 2423.853141296972 4975.448890923663 1302.6868184444525 3611.453979218675 1677.3917051990709 370.31634108728935 4244.818862765735 1377.270413215999 3366.9948758210016
1012.0421117169896 2423.853141296972 834.7587278156439 1302.6868184444525 2658.995006857082 2322.0828395039725 370.31634108728935 1124.6159283141508 1377.270413215999 264.92029078942835
1012.0421117169896 3475.6201077367555 834.8587278156439 411.92866696075754 2658.995006857082 2322.0828395039725 4933.2290504059265 1124.6159283141508 4181.786195385033 264.92029078942835
1012.0421117169896 3475.6201077367555 834.8587278156439 1302.6868184444525 3727.4828361290224 2322.0828395039725 4933.2290504059265 1124.6159283141508 1377.270413215999 3044.360269156722
4516.129309524443 347.50408355825334 2466.640456682809 1302.6868184444525 3611.453979218675 2367.0810288896923 2532.313940666742 1706.1976519892837 1377.270413215999 3366.9948758210016
1012.0421117169896 3475.6201077367555 834.8587278156439 412.02866696075756 2658.995006857082 2322.0828395039725 4933.2290504059265 1124.6159283141508 4181.786195385033 264.8202907894283
3774.8064653990596 2423.853141296972 4975.448890923663 412.02866696075756 2658.995006857082 1677.191705199071 370.31634108728935 4244.818862765735 4181.786195385033 264.92029078942835
1012.0421117169896 3475.7201077367554 2466.640456682809 1302.6868184444525 3727.4828361290224 2322.0828395039725 4933.2290504059265 1706.1976519892837 1377.270413215999 3044.260269156722
1012.0421117169896 3475.6201077367555 834.8587278156439 411.92866696075754 2658.995006857082 2322.0828395039725 4933.2290504059265 1124.6159283141508 4181.786195385033 264.92029078942835
3774.8064653990596 2423.853141296972 834.8587278156439 1302.6868184444525 2658.895006857082 1677.291705199071 370.31634108728935 1124.6159283141508 1377.270413215999 264.92029078942835
4516.129309524443 347.60408355825336 4975.448890923663 1302.6868184444525 3611.453979218675 2367.0810288896923 2532.213940666742 4244.818862765735 1377.270413215999 3366.9948758210016
3774.8064653990596 2423.853141296972 4975.448890923663 412.02866696075756 2658.995006857082 1677.291705199071 370.31634108728935 4244.718862765734 4181.786195385033 264.92029078942835
4516.129309524443 3475.6201077367555 2466.640456682809 412.02866696075756 3727.4828361290224 2367.0810288896923 4933.329050405927 1706.1976519892837 4181.786195385033 3044.260269156722
1012.0421117169896 3475.5201077367556 834.8587278156439 412.02866696075756 2658.995006857082 2322.0828395039725 4933.2290504059265 1124.6159283141508 4181.786195385033 264.92029078942835
3774.8064653990596 2423.853141296972 4975.448890923663 1302.6868184444525 3611.453979218675 1677.291705199071 370.31634108728935 4244.818862765735 1377.270413215999 3366.8948758210017
3774.8064653990596 347.50408355825334 4975.548890923664 1302.6868184444525 3727.4828361290224 1677.291705199071 2532.213940666742 4244.818862765735 1377.270413215999 3044.260269156722
3774.8064653990596 2423.853141296972 4975.448890923663 1302.6868184444525 3611.453979218675 1677.291705199071 370.2163410872893 4244.818862765735 1377.270413215999 3366.9948758210016
1012.0421117169896 2423.853141296972 834.9587278156439 1302.6868184444525 3611.453979218675 2322.0828395039725 370.31634108728935 1124.6159283141508 1377.270413215999 3366.9948758210016
4516.129309524443 2423.853141296972 2466.640456682809 1302.6868184444525 3727.5828361290223 2367.0810288896923 370.31634108728935 1706.1976519892837 1377.270413215999 3044.260269156722
1011.9421117169895 2423.853141296972 834.8587278156439 1302.6868184444525 3611.453979218675 2322.0828395039725 370.31634108728935 1124.6159283141508 1377.270413215999 3366.9948758210016
4516.129309524443 2423.853141296972 2466.640456682809 1302.6868184444525 3611.453979218675 2367.0810288896923 370.31634108728935 1706.1976519892837 1377.270413215999 3366.8948758210017
4516.129309524443 3475.6201077367555 2466.640456682809 412.02866696075756 2658.995006857082 2367.0810288896923 4933.2290504059265 1706.1976519892837 4181.786195385033 264.8202907894283
1012.1421117169896 3475.6201077367555 2466.640456682809 412.02866696075756 3727.4828361290224 2322.0828395039725 4933.2290504059265 1706.1976519892837 4181.786195385033 3044.260269156722
3774.8064653990596 2423.953141296972 4975.448890923663 1302.6868184444525 3611.453979218675 1677.291705199071 370.31634108728935 4244.818862765735 1377.270413215999 3366.9948758210016
3774.8064653990596 2423.753141296972 2466.640456682809 1302.6868184444525 3727.4828361290224 1677.291705199071 370.31634108728935 1706.1976519892837 1377.270413215999 3044.260269156722
1012.0421117169896 3475.6201077367555 2466.640456682809 1302.6868184444525 3727.4828361290224 2322.0828395039725 4933.2290504059265 1706.1976519892837 1377.270413215999 3044.360269156722
1012.0421117169896 3475.6201077367555 834.8587278156439 412.02866696075756 2658.895006857082 2322.0828395039725 4933.2290504059265 1124.6159283141508 4181.786195385033 264.92029078942835
1012.0421117169896 3475.6201077367555 834.9587278156439 412.02866696075756 2658.995006857082 2322.0828395039725 4933.2290504059265 1124.6159283141508 4181.786195385033 264.92029078942835
4516.129309524443 347.50408355825334 834.8587278156439 412.02866696075756 2658.995006857082 2367.0810288896923 2532.213940666742 1124.6159283141508 4181.786195385033 264.8202907894283
4516.129309524443 347.50408355825334 2466.5404566828092 1302.6868184444525 3727.4828361290224 2367.0810288896923 2532.213940666742 1706.1976519892837 1377.270413215999 3044.260269156722
1012.0421117169896 3475.6201077367555 834.8587278156439 412.1286669607576 2658.995006857082 2322.0828395039725 4933.2290504059265 1124.6159283141508 4181.786195385033 264.92029078942835
4516.229309524443 347.50408355825334 834.8587278156439 412.02866696075756 2658.995006857082 2367.0810288896923 2532.213940666742 1124.6159283141508 4181.786195385033 264.92029078942835
3774.8064653990596 2423.853141296972 4975.448890923663 1302.6868184444525 3611.453979218675 1677.291705199071 370.31634108728935 4244.818862765735 1377.1704132159991 3366.9948758210016
4516.129309524443 347.50408355825334 2466.640456682809 1302.6868184444525 3727.4828361290224 2367.0810288896923 2532.213940666742 1706.1976519892837 1377.270413215999 3044.1602691567223
3774.8064653990596 2423.853141296972 4975.548890923664 1302.6868184444525 3727.4828361290224 1677.291705199071 370.31634108728935 4244.818862765735 1377.270413215999 3044.260269156722
1012.1421117169896 3475.6201077367555 834.8587278156439 412.02866696075756 2658.995006857082 2322.0828395039725 4933.2290504059265 1124.6159283141508 4181.786195385033 264.92029078942835
3774.8064653990596 2423.853141296972 4975.448890923663 412.02866696075756 2658.995006857082 1677.291705199071 370.2163410872893 4244.818862765735 4181.786195385033 264.92029078942835
1012.0421117169896 347.50408355825334 834.8587278156439 1302.6868184444525 3727.5828361290223 2322.0828395039725 2532.213940666742 1124.6159283141508 1377.270413215999 3044.260269156722
1012.0421117169896 2423.853141296972 834.8587278156439 1302.6868184444525 3611.453979218675 2321.9828395039726 370.31634108728935 1124.6159283141508 1377.270413215999 3366.9948758210016
3774.8064653990596 2423.853141296972 4975.448890923663 1302.6868184444525 3727.4828361290224 1677.291705199071 370.31634108728935 4244.818862765735 1377.270413215999 3044.360269156722
1012.0421117169896 3475.6201077367555 834.8587278156439 412.1286669607576 2658.995006857082 2322.0828395039725 4933.2290504059265 1124.6159283141508 4181.786195385033 264.92029078942835
1012.0421117169896 3475.6201077367555 834.8587278156439 412.02866696075756 2658.995006857082 2322.1828395039724 4933.2290504059265 1124.6159283141508 4181.786195385033 264.92029078942835
4516.129309524443 347.50408355825334 2466.640456682809 1302.6868184444525 3727.4828361290224 2367.0810288896923 2532.213940666742 1706.1976519892837 1377.270413215999 3044.360269156722
3774.8064653990596 2423.853141296972 2466.640456682809 1302.6868184444525 3727.4828361290224 1677.191705199071 370.31634108728935 1706.1976519892837 1377.270413215999 3044.260269156722
1012.0421117169896 3475.6201077367555 4975.448890923663 1302.6868184444525 3611.553979218675 2322.0828395039725 4933.2290504059265 4244.818862765735 1377.270413215999 3366.9948758210016
4516.129309524443 347.50408355825334 834.8587278156439 412.02866696075756 2658.995006857082 2367.1810288896922 2532.213940666742 1124.6159283141508 4181.786195385033 264.92029078942835
4516.129309524443 347.50408355825334 2466.640456682809 1302.6868184444525 3727.4828361290224 2367.0810288896923 2532.213940666742 1706.1976519892837 1377.270413215999 3044.1602691567223
1012.0421117169896 3475.6201077367555 834.8587278156439 412.02866696075756 2658.995006857082 2322.0828395039725 4933.2290504059265 1124.7159283141507 4181.786195385033 264.92029078942835
4516.029309524442 2423.853141296972 2466.640456682809 1302.6868184444525 3727.4828361290224 2367.0810288896923 370.31634108728935 1706.1976519892837 1377.270413215999 3044.260269156722
3774.8064653990596 2423.853141296972 2466.640456682809 1302.6868184444525 3727.3828361290225 1677.291705199071 370.31634108728935 1706.1976519892837 1377.270413215999 3044.260269156722
4516.229309524443 347.50408355825334 2466.640456682809 1302.6868184444525 3727.4828361290224 2367.0810288896923 2532.213940666742 1706.1976519892837 1377.270413215999 3044.260269156722
