390.13394633424144  313.78484944582715  392.8437626771256  208.2587403701768  260.64935334837435  391.29943821357705  174.27675491105364  351.5931042952826  100.84683337783741  368.12056084676726
122.10740760539964  223.09342790733905  405.1506366334295  338.7733275212562  341.5550920621518  169.43106767722816  264.66641743226506  418.7582731487147  321.01176661704756  132.37655796366235
277.5892174563193  123.05461274912827  60.43504527180072  135.1604704407175  195.77557648800553  105.2561952113738  126.66206705241221  337.4284207654877  474.39893015909644  167.4959762274814
459.45686114280113  463.6128117000539  337.3557822032011  251.4780568245933  422.16821180074675  168.74436583404344  417.6282621003326  122.62644014061492  322.56447515121664  364.071282532168
143.7056217633979  267.02335676303653  93.79631172099461  166.64645744549182  154.3545728686012  504.72330814833333  226.65194363589328  260.90064221387246  267.15670601564244  238.7296490838834
21.469817713705773  33.09667341930439  339.70770125018817  192.6197177992123  41.92072019316872  166.2946340317902  170.7604241877297  153.8534508994885  270.2759031932727  399.5466960708667
449.62097200918186  105.05949540769632  76.52036955251276  227.70541331318597  53.022923086917295  339.79453402153547  171.21878760038825  454.6325715880891  411.62827680242987  258.0724102565951
72.44856404060775  8.456878014562204  290.3737295233666  404.14202628713684  134.9971054753821  193.10613731836438  40.43578158900169  410.4022093022487  22.289151874543315  97.91593051389529
246.0522989328535  472.2024806837931  304.8741262462238  287.5677792622423  418.1400595087925  94.2826484571894  148.5881343597036  89.01381671532339  136.17659305966063  391.45110949020693
343.66205884367696  495.7682333127919  445.2718797238651  416.6766582609621  287.9669959411195  151.99363493492652  201.02367014128728  276.24078152863336  356.5454164268254  440.14619311622334
401.5541624225916  195.2311936573786  482.21424151515083  212.96184922837654  474.48031690619604  25.091301363525417  454.2945009442949  259.35956103652813  457.6688247912436  372.2966689659852
484.85967409460926  20.812653408600696  6.527224389048272  188.3977070795046  56.777051880166994  466.1418060795263  93.35951892242105  341.13679496070864  324.9274283026081  75.15336141423431
295.8097390394868  58.22950492603731  354.6539349142494  167.08943749388072  32.02173321391205  410.68906127999276  176.74973265705916  472.012391182807  123.93465987038594  103.01819507563289
440.9628149975799  253.93998363812392  224.5912265474493  336.35672998579145  137.6098372522598  273.73988258017744  334.7815839166908  61.95046040017467  484.954273681052  34.41033028958751
51.74796751111929  44.88618616017195  158.63973014465836  285.84903089438507  396.2339081751385  117.53125230916756  255.0749158035112  209.0670683630153  7.109629616976945  341.60270697831487
174.5919446374211  144.63245747060338  467.23394052704134  266.3386759109431  408.5425010578624  498.3055362091711  247.9973088902941  103.26862709148551  152.60387698217144  192.77899232447095
391.8794088753958  366.2369139901439  119.94616736757942  266.65417663978553  167.8141943430915  134.64240441818765  385.5662432940407  419.0209137148022  55.386907843353  439.2041219193185
483.00274938257826  111.76681780431522  146.31359843192593  211.25536118604668  315.2922967771213  334.6015929163754  380.4065237391831  330.2482920952541  382.43726482097253  79.48437442026163
236.22371340564527  360.47322400925606  418.66070996393057  335.07998568460096  217.0997771348882  352.2913801353271  381.585073484233  83.72141133931584  489.81508560531927  109.85741688550122
336.08452957576037  92.97695716821443  137.2810463834142  345.5358068292327  504.8961304653734  4.086390842230721  328.8790434270326  218.47710093209912  205.62270224365682  118.90489753374004
317.7398076990701  101.97095265396506  320.26015240464034  254.222882361799  110.47674922965382  341.0618173607535  393.1423673860171  167.81421868343423  156.10357216584097  490.3367753087663
298.78563472419773  487.6482975641624  334.57890452954666  154.88414560216557  147.0444866768387  418.3310732736013  393.0892452267114  303.2504071756108  108.5578552761795  292.95461322650175
338.58708704670056  177.6732369140576  102.8424922585063  29.87595103521629  197.93053085132465  77.5349226741481  435.91544576891516  63.00565339815216  73.36714548742746  283.89012520125016
160.2383666446114  312.77335613277097  220.30307076978914  389.82544087326096  18.94437808958582  84.35533146462132  495.89313746267084  97.3718558793334  317.4887040280388  87.2093489271132
237.08547439156777  6.137013780863315  34.26962956829812  475.90104398725657  168.8575005448513  191.34081146545668  357.5169574893112  195.2865605920645  200.3587017586899  257.99453970974
71.71746121652882  145.9567903336907  77.38879821360365  55.298774774907066  480.11609886103315  18.478929777681614  437.79411306284334  180.44204204938012  252.79687444319583  300.20125344910787
145.96563307967057  427.4246169195752  248.622870336661  474.10556712350154  135.65129884679033  224.78142343148633  494.5217022932131  147.84196857134336  11.43651449040417  302.77016748797627
351.7314006924245  78.5831191639781  425.28031664416386  257.6007153101107  258.1422432508159  6.452247711873074  206.08631930417548  301.00045932636533  255.13041214282185  241.22397364244537
135.87797385168463  262.8929493870689  215.25589409596654  397.07163042520875  76.87809991515908  376.9588508275537  73.03040095827266  150.6956226080166  172.67589450830434  375.93744588795744
490.5530060055804  340.66016767540157  481.11408031192815  376.51067060189285  71.69573788595683  461.8356502864426  326.24509305024844  405.3889799581402  135.61376238789842  502.75674297429134
