3.400056287694407 160.2383666446114  312.77335613277097  220.30307076978914  389.82544087326096  18.94437808958582  84.35533146462132  495.89313746267084  97.3718558793334  317.4887040280388  87.2093489271132
3.637194451451996 401.5541624225916 195.2311936573786 482.21424151515083 55.298774774907066 480.11609886103315 25.091301363525417 454.2945009442949 259.35956103652813 252.79687444319583 300.20125344910787
3.637194451451996 3774.8064653990596 2423.853141296972 2466.640456682809 1302.6868184444525 3727.4828361290224 1677.3917051990709 370.31634108728935 1706.1976519892837 1377.270413215999 3044.260269156722
3.637194451451996 3774.8064653990596 2423.853141296972 2466.640456682809 1302.6868184444525 3727.4828361290224 1677.3917051990709 370.31634108728935 1706.1976519892837 1377.270413215999 3044.260269156722
3.637194451451996 3774.8064653990596 2423.853141296972 2466.640456682809 1302.6868184444525 3727.4828361290224 1677.3917051990709 370.31634108728935 1706.1976519892837 1377.270413215999 3044.260269156722
3.637194451451996 3774.8064653990596 2423.853141296972 2466.640456682809 1302.6868184444525 3727.4828361290224 1677.3917051990709 370.31634108728935 1706.1976519892837 1377.270413215999 3044.260269156722
3.637194451451996 3774.8064653990596 2423.853141296972 2466.640456682809 1302.6868184444525 3727.4828361290224 1677.3917051990709 370.31634108728935 1706.1976519892837 1377.270413215999 3044.260269156722
3.637194451451996 3774.8064653990596 2423.853141296972 2466.640456682809 1302.6868184444525 3727.4828361290224 1677.3917051990709 370.31634108728935 1706.1976519892837 1377.270413215999 3044.260269156722
3.637194451451996 3774.8064653990596 2423.853141296972 2466.640456682809 1302.6868184444525 3727.4828361290224 1677.3917051990709 370.31634108728935 1706.1976519892837 1377.270413215999 3044.260269156722
3.637194451451996 3774.8064653990596 2423.853141296972 2466.640456682809 1302.6868184444525 3727.4828361290224 1677.3917051990709 370.31634108728935 1706.1976519892837 1377.270413215999 3044.260269156722
3.637194451451996 3774.8064653990596 2423.853141296972 2466.640456682809 1302.6868184444525 3727.4828361290224 1677.3917051990709 370.31634108728935 1706.1976519892837 1377.270413215999 3044.260269156722
3.637194451451996 3774.8064653990596 2423.853141296972 2466.640456682809 1302.6868184444525 3727.4828361290224 1677.3917051990709 370.31634108728935 1706.1976519892837 1377.270413215999 3044.260269156722
3.637194451451996 4516.129309524443 3475.6201077367555 2466.640456682809 412.02866696075756 3727.3828361290225 2367.0810288896923 4933.2290504059265 1706.1976519892837 4181.786195385033 3044.260269156722
3.637194451451996 3774.8064653990596 2423.853141296972 2466.640456682809 1302.6868184444525 3727.4828361290224 1677.3917051990709 370.31634108728935 1706.1976519892837 1377.270413215999 3044.260269156722
3.637194451451996 4516.129309524443 3475.6201077367555 2466.640456682809 412.02866696075756 3727.3828361290225 2367.0810288896923 4933.2290504059265 1706.1976519892837 4181.786195385033 3044.260269156722
3.637194451451996 3774.8064653990596 2423.853141296972 2466.640456682809 1302.6868184444525 3727.4828361290224 1677.3917051990709 370.31634108728935 1706.1976519892837 1377.270413215999 3044.260269156722
3.637194451451996 4516.129309524443 3475.6201077367555 2466.640456682809 412.02866696075756 3727.3828361290225 2367.0810288896923 4933.2290504059265 1706.1976519892837 4181.786195385033 3044.260269156722
3.637194451451996 3774.8064653990596 2423.853141296972 2466.640456682809 1302.6868184444525 3727.4828361290224 1677.3917051990709 370.31634108728935 1706.1976519892837 1377.270413215999 3044.260269156722
3.637194451451996 4516.129309524443 3475.6201077367555 2466.640456682809 412.02866696075756 3727.3828361290225 2367.0810288896923 4933.2290504059265 1706.1976519892837 4181.786195385033 3044.260269156722
3.637194451451996 3774.8064653990596 2423.853141296972 2466.640456682809 1302.6868184444525 3727.4828361290224 1677.3917051990709 370.31634108728935 1706.1976519892837 1377.270413215999 3044.260269156722
3.637194451451996 4516.129309524443 3475.6201077367555 2466.640456682809 412.02866696075756 3727.3828361290225 2367.0810288896923 4933.2290504059265 1706.1976519892837 4181.786195385033 3044.260269156722
3.637194451451996 3774.8064653990596 2423.853141296972 2466.640456682809 1302.6868184444525 3727.4828361290224 1677.3917051990709 370.31634108728935 1706.1976519892837 1377.270413215999 3044.260269156722
3.637194451451996 4516.129309524443 3475.6201077367555 2466.640456682809 412.02866696075756 3727.3828361290225 2367.0810288896923 4933.2290504059265 1706.1976519892837 4181.786195385033 3044.260269156722
3.637194451451996 3774.8064653990596 2423.853141296972 2466.640456682809 1302.6868184444525 3727.4828361290224 1677.3917051990709 370.31634108728935 1706.1976519892837 1377.270413215999 3044.260269156722
3.637194451451996 4516.129309524443 3475.6201077367555 2466.640456682809 412.02866696075756 3727.3828361290225 2367.0810288896923 4933.2290504059265 1706.1976519892837 4181.786195385033 3044.260269156722
3.637194451451996 3774.8064653990596 2423.853141296972 2466.640456682809 1302.6868184444525 3727.4828361290224 1677.3917051990709 370.31634108728935 1706.1976519892837 1377.270413215999 3044.260269156722
3.637194451451996 4516.129309524443 3475.6201077367555 2466.640456682809 412.02866696075756 3727.3828361290225 2367.0810288896923 4933.2290504059265 1706.1976519892837 4181.786195385033 3044.260269156722
3.637194451451996 3774.8064653990596 2423.853141296972 2466.640456682809 1302.6868184444525 3727.4828361290224 1677.3917051990709 370.31634108728935 1706.1976519892837 1377.270413215999 3044.260269156722
3.637194451451996 4516.129309524443 3475.6201077367555 2466.640456682809 412.02866696075756 3727.3828361290225 2367.0810288896923 4933.2290504059265 1706.1976519892837 4181.786195385033 3044.260269156722
3.637194451451996 3774.8064653990596 2423.853141296972 2466.640456682809 1302.6868184444525 3727.4828361290224 1677.3917051990709 370.31634108728935 1706.1976519892837 1377.270413215999 3044.260269156722
