3.400056287694407 160.2383666446114  312.77335613277097  220.30307076978914  389.82544087326096  18.94437808958582  84.35533146462132  495.89313746267084  97.3718558793334  317.4887040280388  87.2093489271132

3.400056287694407 160.2383666446114  312.77335613277097  220.30307076978914  389.82544087326096  18.94437808958582  84.35533146462132  495.89313746267084  97.3718558793334  317.4887040280388  87.2093489271132

3.400056287694407 160.2383666446114  312.77335613277097  220.30307076978914  389.82544087326096  18.94437808958582  84.35533146462132  495.89313746267084  97.3718558793334  317.4887040280388  87.2093489271132

3.400056287694407 160.2383666446114  312.77335613277097  220.30307076978914  389.82544087326096  18.94437808958582  84.35533146462132  495.89313746267084  97.3718558793334  317.4887040280388  87.2093489271132

3.400056287694407 160.2383666446114  312.77335613277097  220.30307076978914  389.82544087326096  18.94437808958582  84.35533146462132  495.89313746267084  97.3718558793334  317.4887040280388  87.2093489271132

3.400056287694407 160.2383666446114  312.77335613277097  220.30307076978914  389.82544087326096  18.94437808958582  84.35533146462132  495.89313746267084  97.3718558793334  317.4887040280388  87.2093489271132

3.400056287694407 160.2383666446114  312.77335613277097  220.30307076978914  389.82544087326096  18.94437808958582  84.35533146462132  495.89313746267084  97.3718558793334  317.4887040280388  87.2093489271132

3.400056287694407 160.2383666446114  312.77335613277097  220.30307076978914  389.82544087326096  18.94437808958582  84.35533146462132  495.89313746267084  97.3718558793334  317.4887040280388  87.2093489271132

3.400056287694407 160.2383666446114  312.77335613277097  220.30307076978914  389.82544087326096  18.94437808958582  84.35533146462132  495.89313746267084  97.3718558793334  317.4887040280388  87.2093489271132

3.400056287694407 160.2383666446114  312.77335613277097  220.30307076978914  389.82544087326096  18.94437808958582  84.35533146462132  495.89313746267084  97.3718558793334  317.4887040280388  87.2093489271132

3.400056287694407 160.2383666446114  312.77335613277097  220.30307076978914  389.82544087326096  18.94437808958582  84.35533146462132  495.89313746267084  97.3718558793334  317.4887040280388  87.2093489271132

3.400056287694407 160.2383666446114  312.77335613277097  220.30307076978914  389.82544087326096  18.94437808958582  84.35533146462132  495.89313746267084  97.3718558793334  317.4887040280388  87.2093489271132

3.400056287694407 160.2383666446114  312.77335613277097  220.30307076978914  389.82544087326096  18.94437808958582  84.35533146462132  495.89313746267084  97.3718558793334  317.4887040280388  87.2093489271132

3.400056287694407 160.2383666446114  312.77335613277097  220.30307076978914  389.82544087326096  18.94437808958582  84.35533146462132  495.89313746267084  97.3718558793334  317.4887040280388  87.2093489271132

3.400056287694407 160.2383666446114  312.77335613277097  220.30307076978914  389.82544087326096  18.94437808958582  84.35533146462132  495.89313746267084  97.3718558793334  317.4887040280388  87.2093489271132

3.400056287694407 160.2383666446114  312.77335613277097  220.30307076978914  389.82544087326096  18.94437808958582  84.35533146462132  495.89313746267084  97.3718558793334  317.4887040280388  87.2093489271132

3.400056287694407 160.2383666446114  312.77335613277097  220.30307076978914  389.82544087326096  18.94437808958582  84.35533146462132  495.89313746267084  97.3718558793334  317.4887040280388  87.2093489271132

3.400056287694407 160.2383666446114  312.77335613277097  220.30307076978914  389.82544087326096  18.94437808958582  84.35533146462132  495.89313746267084  97.3718558793334  317.4887040280388  87.2093489271132

3.400056287694407 160.2383666446114  312.77335613277097  220.30307076978914  389.82544087326096  18.94437808958582  84.35533146462132  495.89313746267084  97.3718558793334  317.4887040280388  87.2093489271132

3.400056287694407 160.2383666446114  312.77335613277097  220.30307076978914  389.82544087326096  18.94437808958582  84.35533146462132  495.89313746267084  97.3718558793334  317.4887040280388  87.2093489271132

3.400056287694407 160.2383666446114  312.77335613277097  220.30307076978914  389.82544087326096  18.94437808958582  84.35533146462132  495.89313746267084  97.3718558793334  317.4887040280388  87.2093489271132

3.400056287694407 160.2383666446114  312.77335613277097  220.30307076978914  389.82544087326096  18.94437808958582  84.35533146462132  495.89313746267084  97.3718558793334  317.4887040280388  87.2093489271132

3.400056287694407 160.2383666446114  312.77335613277097  220.30307076978914  389.82544087326096  18.94437808958582  84.35533146462132  495.89313746267084  97.3718558793334  317.4887040280388  87.2093489271132

3.400056287694407 160.2383666446114  312.77335613277097  220.30307076978914  389.82544087326096  18.94437808958582  84.35533146462132  495.89313746267084  97.3718558793334  317.4887040280388  87.2093489271132

3.400056287694407 160.2383666446114  312.77335613277097  220.30307076978914  389.82544087326096  18.94437808958582  84.35533146462132  495.89313746267084  97.3718558793334  317.4887040280388  87.2093489271132

3.400056287694407 160.2383666446114  312.77335613277097  220.30307076978914  389.82544087326096  18.94437808958582  84.35533146462132  495.89313746267084  97.3718558793334  317.4887040280388  87.2093489271132

3.400056287694407 160.2383666446114  312.77335613277097  220.30307076978914  389.82544087326096  18.94437808958582  84.35533146462132  495.89313746267084  97.3718558793334  317.4887040280388  87.2093489271132

3.400056287694407 160.2383666446114  312.77335613277097  220.30307076978914  389.82544087326096  18.94437808958582  84.35533146462132  495.89313746267084  97.3718558793334  317.4887040280388  87.2093489271132

3.400056287694407 160.2383666446114  312.77335613277097  220.30307076978914  389.82544087326096  18.94437808958582  84.35533146462132  495.89313746267084  97.3718558793334  317.4887040280388  87.2093489271132

3.400056287694407 160.2383666446114  312.77335613277097  220.30307076978914  389.82544087326096  18.94437808958582  84.35533146462132  495.89313746267084  97.3718558793334  317.4887040280388  87.2093489271132

3.400056287694407 160.2383666446114  312.77335613277097  220.30307076978914  389.82544087326096  18.94437808958582  84.35533146462132  495.89313746267084  97.3718558793334  317.4887040280388  87.2093489271132

3.400056287694407 160.2383666446114  312.77335613277097  220.30307076978914  389.82544087326096  18.94437808958582  84.35533146462132  495.89313746267084  97.3718558793334  317.4887040280388  87.2093489271132

3.400056287694407 160.2383666446114  312.77335613277097  220.30307076978914  389.82544087326096  18.94437808958582  84.35533146462132  495.89313746267084  97.3718558793334  317.4887040280388  87.2093489271132

3.400056287694407 160.2383666446114  312.77335613277097  220.30307076978914  389.82544087326096  18.94437808958582  84.35533146462132  495.89313746267084  97.3718558793334  317.4887040280388  87.2093489271132

3.400056287694407 160.2383666446114  312.77335613277097  220.30307076978914  389.82544087326096  18.94437808958582  84.35533146462132  495.89313746267084  97.3718558793334  317.4887040280388  87.2093489271132

3.400056287694407 160.2383666446114  312.77335613277097  220.30307076978914  389.82544087326096  18.94437808958582  84.35533146462132  495.89313746267084  97.3718558793334  317.4887040280388  87.2093489271132

3.400056287694407 160.2383666446114  312.77335613277097  220.30307076978914  389.82544087326096  18.94437808958582  84.35533146462132  495.89313746267084  97.3718558793334  317.4887040280388  87.2093489271132

3.400056287694407 160.2383666446114  312.77335613277097  220.30307076978914  389.82544087326096  18.94437808958582  84.35533146462132  495.89313746267084  97.3718558793334  317.4887040280388  87.2093489271132

3.400056287694407 160.2383666446114  312.77335613277097  220.30307076978914  389.82544087326096  18.94437808958582  84.35533146462132  495.89313746267084  97.3718558793334  317.4887040280388  87.2093489271132

3.400056287694407 160.2383666446114  312.77335613277097  220.30307076978914  389.82544087326096  18.94437808958582  84.35533146462132  495.89313746267084  97.3718558793334  317.4887040280388  87.2093489271132

3.400056287694407 160.2383666446114  312.77335613277097  220.30307076978914  389.82544087326096  18.94437808958582  84.35533146462132  495.89313746267084  97.3718558793334  317.4887040280388  87.2093489271132

3.400056287694407 160.2383666446114  312.77335613277097  220.30307076978914  389.82544087326096  18.94437808958582  84.35533146462132  495.89313746267084  97.3718558793334  317.4887040280388  87.2093489271132

3.400056287694407 160.2383666446114  312.77335613277097  220.30307076978914  389.82544087326096  18.94437808958582  84.35533146462132  495.89313746267084  97.3718558793334  317.4887040280388  87.2093489271132

3.400056287694407 160.2383666446114  312.77335613277097  220.30307076978914  389.82544087326096  18.94437808958582  84.35533146462132  495.89313746267084  97.3718558793334  317.4887040280388  87.2093489271132

3.400056287694407 160.2383666446114  312.77335613277097  220.30307076978914  389.82544087326096  18.94437808958582  84.35533146462132  495.89313746267084  97.3718558793334  317.4887040280388  87.2093489271132

