3.748839658247951
3.9309283662400754
3.7352067517585543
3.9445303493556714
3.9619983357734867
3.8402240310129057
3.713035932553206
3.7463720690456177
3.7253882151193154
4.048571032947519
3.9369305687152463
4.096308783275782
4.126533488848381
3.844843240881666
3.985129436744017
3.96475641290358
3.6806271365025354
3.8728255957436915
3.881262177856333
4.035841760799422
4.007308203596839
4.048082909046838
3.93756412526059
3.400056287694407
3.8628227448944514
3.7459509169319327
3.8129368801544903
3.773542211024401
3.9790842259042676
3.7263887147247816
