3.9362755328712944
2.598939334055363
0.7297451800917327
0.6660138275040176
0.9725308455468735
0.48414605427365515
1.5270044281844182
2.0759829698585186
1.130963370908068
2.5595488677037403
2.2310478462605303
0.8316534277458286
0.8575605650824428
2.6238698151110427
1.7956513886081098
1.0210086299894505
1.2666895409453973
1.7477428132548278
2.0553758652880347
1.8383115510925236
1.1653226273831974
1.8775386458062684
0.13785288064811652
2.1420752370934415
2.296862838561611
2.315278779606389
0.9810302167426017
2.284107425694367
1.6673892299760353
0.7556964658507933
1.8966027222569428
2.7680246781801454
0.2555425691270429
1.8290714409261621
1.1994663915511947
1.780118732049292
0.1073000655904149
2.5041016619209313
0.7949011978739482
1.8940988600409456
2.319905874156015
2.462879433288803
0.9909821206371664
0.8386440967037118
2.8343314975342104
2.1949943505048597
1.8514747498484445
0.5807624493230755
1.0051775804679575
0.9732791145535553
1.722706037652235
1.1652562976340242
2.1561095548212883
1.4832315369644897
3.1816858730161615
1.866569902736791
2.8656327793427456
0.9899886058360626
1.1580046141449827
0.5635479619205881
1.6141097196010221
1.6511611982920014
3.074482891924244
2.658616423214365
0.6396553357309607
1.9101032792590595
1.9944684056195616
2.0148469959284103
2.337203070155888
2.8541498782659023
0.8561213261113375
3.9288035020802994
0.7451247207535933
1.3618676149505295
1.9648681737322826
2.950029339945055
0.7844997598414011
0.563787134680588
0.868716045832647
1.3248996493443324
3.108587739089725
1.5988462708853404
0.19095168310888383
1.9981531200547127
2.472679859162057
0.5322369754509572
1.6723880402725093
0.9547925903258405
1.7039907472185698
2.25679269823616
2.0069664677491685
0.9209391564707904
2.866703996241862
0.32442269064860646
2.3968630727779456
1.6157645784603758
1.0204675803551553
3.9177176761168178
1.3318591386493597
1.560647256439869
1.992808915003779
1.5063717684369844
0.5948640903564987
2.493538631068543
1.3548243949482368
1.462324042201053
3.7610383952928794
1.5695795378092359
1.062176617609256
0.2283008866988358
2.8879809891963366
2.4809594706408773
0.8958891271101957
0.418106457092738
0.7105494904751177
0.9190057044724856
1.2059878185805732
0.8475422299956883
1.7034829898658579
2.2302693627688313
2.095759359106656
3.0354877935710203
1.207709235237705
2.5074209487408488
3.674025141348541
0.7717185129905306
1.6936373252614572
1.264870033788943
1.6931070141641136
2.3017261794642296
1.6784735097457635
0.7201142949768515
1.7240897782904687
2.776669207291686
1.1040135122316344
3.3755054489866754
1.08515673309475
0.6675016348558712
0.9692298926097053
1.8860132867672645
1.9299711087235087
2.0917964226194936
1.4090010825878485
3.2392251117734774
1.8408281784945808
1.0054234487688765
0.5314258616290657
2.556358162804346
2.3823180520135177
0.9110071654405391
2.5655678848536456
0.43194063150528034
0.36971849240061705
2.0031531337559194
1.455734225489633
2.0208777422953728
2.436929386584314
0.698006073978726
0.7490957187827938
1.3645628392839102
1.6936046846441406
1.4968621603928698
0.6197541630454184
2.1112624030241545
0.6802380052615167
3.7178728118513114
1.0406403423412112
2.3402240706713777
1.5439036574476503
1.4096532631700953
1.216388922584808
1.7900579661751026
3.0969057617968416
1.3897594746261688
1.5069936561245545
1.0935372572247721
1.3157488949223715
1.5080510688167634
0.5355787181332881
1.2236303259957326
0.4250155181025187
2.7760256321003407
0.9658307313335501
0.28321523394235604
2.905782100234508
1.597954424320918
2.0128622136031167
2.0168516502869895
0.5034938133032364
3.861545043322379
1.1307398671968782
2.432028538960676
0.6527107511835231
1.3742577781892629
0.39638232284745156
0.3275988629801648
1.3512218046403262
1.180774651823797
0.8483186568832296
2.8981094255519086
0.5084481075094572
2.2633689032354707
2.2454652880433668
1.8368928867365388
1.480351585731268
2.2304672215588353
1.98985975458907
3.6601392080107016
2.5399202420663207
0.6207625834050817
2.047561579315095
1.2721948090791215
1.8169063784519384
0.977276462020186
3.2312931132059326
3.2315013645534902
2.4362856169317424
0.2646422605845377
1.2528432401514926
1.9394128650829012
3.6622407735265647
2.0277467346145257
1.6163299147520234
1.9693582096793485
1.5148219044991338
1.3561870027983933
1.187830517872944
3.9574361900853545
1.0768781196215387
1.4548587542583122
2.841717025439851
2.460114560946311
2.8027745068015264
0.8562182135074027
2.4163709121998354
0.5050221478012379
1.7247448661815181
3.8494718955544998
0.21652498045045268
2.939913918684722
0.9960474781394684
2.4304668232888016
1.3736522016765347
3.1767917640487835
1.6818923259549177
0.7133290891966836
2.413317486230502
0.743645327160743
3.8836180628544796
0.8055778014121405
0.8498367482344245
1.6183911028099214
2.035681244237326
0.6841532517628874
2.1337003938775894
1.3336149812531788
1.8812070916152304
2.013150286190269
2.5087262690642698
0.16152756134526453
0.23326484196143443
2.918511440025303
0.4038330483139303
2.002981173802698
1.1363657195749919
1.3293782928022737
1.873801926255355
2.087294387539973
2.1527624339067297
0.7136974462855954
0.5296396519008877
1.5188392214322062
0.5617709099156283
3.8000111227206146
0.3758787728944158
3.1233960244968895
0.5853627344027712
0.592594046030603
0.8247210949427184
1.9400585759259164
2.720004145716434
1.0874024248124734
3.5586727045994158
1.4668643100558159
1.265057192189496
0.9075470001043063
1.4216168778409273
2.5720338656543564
3.189546127612277
0.5965878181006722
0.33316294825239917
2.7587774528839972
3.7864602548408683
1.6305615702788163
3.450348247631637
3.1024927658745534
2.6982048414439843
3.6343267210052472
2.046888101483295
2.4348881324524414
2.2379789211617327
0.7815242777280709
1.9069185534639361
2.7306734547890374
2.086235659127256
0.768231148177551
2.322948090658236
1.6422187266941302
0.6144439408736945
2.7802785114612174
1.709313132044797
1.754364284663772
0.49295495873840633
2.863671070218779
2.64115864384004
1.3932411379292764
1.0511403836066424
1.456239688738281
1.2954649223296286
1.0889240126104525
0.7158888133276342
0.6212235881449193
1.7922638947868423
1.64291627829986
1.0036168905977267
2.1020991423573165
0.5862560332796215
2.2550006912912997
1.0777834920521163
2.15601815949316
2.8370875320248943
0.28330777662395995
0.78250017062547
1.4931472077509922
2.4566001604368655
2.9210919925339627
2.628848852035103
0.7512958127329914
0.921497215247988
2.160066641040855
1.4571354465095971
0.6096915586823792
0.2270262497924811
1.1553561948796005
1.1619954715808152
1.0206714106749408
0.7785000746293518
0.8360738948106458
1.8347955435177241
1.9398467631241971
1.103643573513967
1.7331660577376695
3.210543470783935
0.934680217479185
2.0308083402145294
1.425586626188366
1.721735770198141
1.4241174073432992
0.5218699802824062
3.113078896341831
0.7823969269998454
2.5709093777929786
2.272121820145217
2.355015185139683
1.0763221789868342
2.564332267207225
1.746435903260449
1.024692690743626
0.45467321369382296
2.595359058882353
1.9828130774920452
1.815322518221415
2.904194353630232
2.3944094592014014
0.5669553165201581
2.142275811373147
1.2887442897531258
3.1132017527611064
1.7621481936390302
2.5562875673942425
2.3148742843396892
2.308071112277738
0.9290375139382115
1.6157789834834893
1.4938788972470236
1.768257690507548
1.0911221348891256
3.088592931619878
1.1021237440328622
0.7721481612895338
1.2085482172439115
2.2183990673657763
0.8594778877377037
4.172207588294841
2.008223139125459
1.0362551527008805
1.076123936110942
0.8887536856679767
1.1606825392022917
2.157566798785445
0.5852016017993342
1.7837328564023003
2.79100338267342
3.746393566829952
2.741344793924253
1.3631291501823075
2.260916181265903
2.5472604317969876
1.331378003090455
2.144483962435763
2.0114325606179793
1.0314584864152923
2.6532963162435057
0.8360429400662039
3.26432788997801
3.1392918455224375
1.4903076828347097
1.6854675311794711
1.1449741506585365
1.1099758540895521
1.089985093028114
1.7800055893080309
2.216720344774589
0.9563791267004161
2.481259952232819
1.0511085888027485
1.2992273683674025
1.694978184829956
1.561681326657825
1.8933082875571041
0.41715272988290203
1.5079373387841826
1.17824125149132
0.6052676132819571
1.8542460564467529
1.9716998647433892
1.0417785519793323
1.2127287468062218
1.7123901808449766
1.3095656297196647
1.4304781706725618
1.8445749742124087
0.9185605163366523
1.319630553280883
1.7058183835621996
1.2002236507725315
2.1315311483958306
1.6676595222564135
1.7538948871819364
1.3648744567760231
2.6772911620412585
1.0990853467090425
2.1214266344966908
1.3608392351089484
1.8394166284166593
3.2638031236238816
2.1442996120705144
1.8882353249542438
1.4915183116707769
1.3167733169839144
1.1413804967126988
1.5969493367137346
1.1058191648364695
0.9484533066907179
1.5894656680655026
1.5653169197997443
2.313029781199223
1.8356533657854501
1.548106999703604
1.7908840029628967
2.2478669411188417
0.8205960141553801
2.2860874286028396
0.7371965756390612
1.0107949995619252
3.649657732825212
0.6415380344126812
0.24149517735681766
1.221748668484355
0.6492024297375892
1.9900013645529617
1.163019066246288
1.2986782272429613
2.016905279113899
2.8293567265192827
1.2374298561929724
1.485089470249743
3.398915323772514
1.5808593417018884
2.5146689995044738
1.6587108686088137
2.567499720524317
3.084588240950604
2.5015540360047064
2.496137672298537
2.2253722986829367
1.9282881411954171
1.5598079570433503
1.823341810242457
1.6959137870112473
3.91486962267222
1.4984199502630071
1.2884629613786893
1.092547528799304
1.5812626265639993
1.6195345812886213
2.147832429731388
1.77796887037835
2.198459481381502
0.5257371382624971
0.4420448976010958
1.8984612205449516
0.37734070278786136
1.2445720094185022
0.6274643847288823
2.369901139689676
1.1051596750903387
0.5118284369375532
0.48338888469781544
2.615596597270205
1.2824731573581376
2.580102647747639
1.288816287077562
0.809329706099687
3.9356246211228494
1.6647788533186605
2.366149644760174
0.8516216312745614
0.8281403347957302
0.2872676892841006
1.544247924017804
0.48832670567152275
3.460398692861477
1.5441664557561092
1.4432158743496724
1.9613066202707403
1.6758831299121375
1.6225569835342533
2.494868646723041
2.842249227687531
1.7529270468364453
1.5793739577250445
1.1768630702971994
2.2600542034941125
0.8742924047923095
1.67918515718952
1.8817513545672293
0.37084700175679713
1.6479615993639212
2.3370253196579904
1.887027456834645
0.4254629401125198
1.2695944002937165
1.3417451366615418
1.8013926260348179
2.0459740285013126
2.879843001092798
1.6562804069460721
1.156365921134661
0.9031957047325552
1.3518941657887038
2.412864720406023
0.4181391685127836
0.6373047030256245
1.74448118134568
0.7576174396173717
1.6530535559763853
0.6469273730096853
0.5226236363421085
1.611654000664956
0.6968989943585757
2.469724189361832
2.570679243484173
1.7961733030872948
1.534886407604252
0.08409800232523762
1.1365226457238997
0.7985575624009938
0.6148080333443773
1.4065904290197206
1.4355737897254734
2.486314921881889
2.147406051945092
0.9355561470343392
1.7526877151758615
3.4666503507030244
2.3431097767851585
2.21149453832425
2.1250009728237784
1.2383949226306008
2.032374309653633
1.4598090299952546
2.4005677620536443
2.1773515513296005
0.5711484884019014
2.394752119810255
0.8158114772054601
1.6197545002525422
1.633610055484607
0.62259049563406
2.1445039458999093
2.705963548171763
2.3087574815865635
0.7311680878327559
0.7089066716280756
1.597514451917221
0.9961020318971
2.3574968914578225
2.4338822702507565
0.648698183248528
1.9702549298976473
1.8583448396482127
3.4565889402948935
3.312909897830748
1.44740922084953
1.0901380634521296
1.37263292319291
0.2156823321260989
1.8119591805074997
2.2719459655189613
1.0783716205631704
2.6211154339042264
0.33964397668928564
1.8941461371355164
2.9249982444933624
1.7932795849604062
1.0407267841852805
2.1871035866063933
1.3010825672538868
1.9255757515497536
1.812184168899513
2.9243721368172717
1.6346448430766118
1.4247382553027321
2.0640487869690536
1.5146355167163186
1.4880270152719308
1.448996450815682
0.6978176974729624
0.5585617560113949
1.2274076396595976
0.9685315033002265
2.771001844337044
2.60209889104605
1.003052208449549
2.9524788429722504
3.071705126739025
1.0330357710047613
0.5434543631809169
1.4850041080441312
1.581639840478435
3.095996680624154
3.280060171969839
1.5466161922442792
1.529090348109604
1.3528983203456213
1.6534455394190466
1.6813108934426266
0.5989143586396751
1.968806602910122
2.40393672576754
2.1941701032270924
2.3874304298045375
0.5339021262267495
2.440943994809333
2.0228299035123105
1.2207530182442277
0.2731368396892155
0.998128734101821
1.0650948639534772
1.3569785869436828
2.9274092252090753
1.5319282703521784
1.3241903336619358
3.4830516573415227
1.5301725708400633
0.19879375716161737
1.7506987931759719
3.51825418916625
1.9639285377579367
1.949600954313937
1.3456577947321358
3.68701411963522
2.5516976478958533
1.2543803446505586
1.1991462448832417
1.5101062010453319
2.274606627328938
1.522558981062552
1.8766779144606602
1.1710835710500673
2.48142145703491
1.0694781334871892
2.4960637713625684
2.2964490012770304
1.1055013867831691
0.8796466062176445
1.2286288684361084
1.7531611244083105
2.0258346312879465
2.0131883052228536
0.7749928643365619
1.453238101828361
1.4507899334834409
0.7995492895997063
2.2810425423613085
1.8691029454432262
1.6470663290475633
1.6634849799090465
2.2085063233125837
1.53753423583188
0.7016184086634015
2.0297848613025904
0.8368630163759246
1.8802513370017842
1.5540776002949048
0.8634255437208099
0.676190573173876
1.578848553226305
0.3605676785670153
1.9502467043795202
0.6173818998858677
2.407355821770891
2.0162121928769885
1.2100457050842426
0.5445901505889277
1.7454903066461958
1.4972502708315778
0.7927858134986712
2.3486484197865303
0.7281228063100894
2.2465434407159814
1.4267195471274114
2.4353691994422833
3.078388416952698
0.9978591631823923
1.9174234596228719
2.3164800789084667
3.8036530276288136
2.470432593455536
2.161272097028226
1.335686824593392
0.657023853652631
1.530598021942817
0.8111026834281873
0.8513154003622347
0.8052046661708385
1.3802909252564963
0.6849130901751219
2.335676409807694
2.115165234020355
2.404758598919113
2.5934067041166946
1.7410264064882917
3.1443033208317166
0.7084452375479131
1.4080702669573124
1.6307793713388783
0.908296898208737
1.8265420098403762
0.7621208597823429
0.32019179339096004
1.1129127719920384
0.6780674292743312
0.7013120699923715
1.338003278790997
0.6185268932775659
1.5653557220861853
0.9470983388535862
1.1992782914368074
1.4525210695331727
1.0799656718503599
0.7743540109626794
2.4404993018405583
2.5484096284178177
2.3020537799976046
1.5616194661421625
1.5032026061975465
0.8982996443444676
1.78076999757315
0.9660371469954806
3.8077617895184823
0.9563383778280033
0.5194008275845371
3.046077461910321
0.08463046253591666
0.48753679945348954
1.6101342594463208
1.2651561924636874
0.946084974480459
1.0109862051284566
2.346261272880598
2.6813237373592997
0.8809033304381029
0.985742978365281
3.210681930750124
3.165038124985087
1.2606709191271759
0.6039999390158924
2.6545740434669236
2.4953679949562115
2.1499490752750554
0.7404734402805331
2.439401050475412
1.287553373161383
1.3637594740812606
1.039682588200547
1.0021601619304366
1.0683249707550526
0.37959001512264756
2.193427128056825
0.9227337243450591
1.2546728318998714
1.5398304463050878
2.761129026118767
1.3577013577332466
1.7994496601600063
1.6607055640696289
1.9315041569892737
0.8831214518060871
1.1407460838976438
2.7001297313203545
1.1648588126494657
1.6748456083781351
0.5961234062663944
0.6039505797514352
2.0001284721412835
1.0685710929595127
2.664671697880006
1.2637356786193734
1.3229135834754155
1.0032136564686023
2.8907130980599796
1.3386203947501871
2.1740113741032014
1.203269554959679
0.4611671792791588
1.2382622952191098
0.9635271727674088
0.3317758142927323
1.2574983935065518
3.0534884766932344
1.6232224029768556
2.224290731461197
2.4566687465402763
0.38381661352590285
0.20946124449142714
2.6381912499853586
2.472022429982768
2.673056071031072
1.3626419258448939
3.00760641772505
1.5957342445218645
2.2757695487526703
2.0236517315203395
2.4836914050640484
1.173109640857365
2.079790508880498
2.1086417203365846
1.9861576870600535
1.4506595798759077
1.786724210965459
1.8885661209261073
2.2817538307748384
1.3627014755175113
0.891164424400084
2.663651748470598
2.562124635742716
2.207860441940083
2.6043904992963363
2.462810849366915
2.001751000416831
1.6642193601619888
0.29758942137904226
2.246617409137899
0.9439903687993061
2.4880047193321473
2.866909044917761
1.0887703777825146
0.8151093231841441
1.2876285598025985
2.194669278642099
1.7381916937717052
1.5311622983083317
1.3661294957988759
1.8236267116437777
2.5574122968922532
3.2021602760413677
2.4426325727677005
2.245399429884265
1.5994821151756577
1.1498679726026813
1.8732670811489645
1.435204537462075
1.126904579758164
1.501412286454895
2.323225043814821
2.4820033324385373
1.866383452437676
0.5420483414520882
0.9343845632452992
0.8084115710217897
2.205427525073046
0.033865290042515706
2.256174758571739
0.29664164505031315
2.1463098402246312
2.4553917716128346
2.4804955608096573
0.8351272223051758
1.0318329805727207
2.1066098078535687
2.4416057719174358
1.9740448485666824
2.342955306929887
0.5406744644472904
2.4380314217257526
1.9155598104997966
2.584970977225781
1.6432640222149846
2.443496849071831
1.2504001092301165
0.8822079787201644
1.5834418791016012
3.0113730311302698
1.986868711752189
1.0729513674213846
1.9871170616539378
1.5761321238420007
0.8971381796117043
0.5825705845777397
0.30592211078787573
2.1827107779596364
0.7932677815330681
1.645105492519001
0.8976985082218119
2.006234346192268
0.11049213685109284
2.1261777554377375
1.8587758840058723
0.9464047414107515
2.8328713283754823
1.2503510855992874
0.861758981188366
0.3275797150884232
0.954701538215011
1.4751141275643374
0.9171984773226891
1.0169942569365291
2.5210724458342835
1.1936903330746795
1.4548496801148143
1.0741590389513007
0.3120439954009569
1.5242835917282762
0.7308590191991863
2.0760133868746933
1.9173977431829832
1.7636223065946588
3.637194451451996
0.7865688033888099
0.7056462806029441
1.362321273523439
0.2592112350647515
1.3210267513785148
2.6793952875915865
2.2688963646841467
0.7156245904673121
0.7811946198463232
2.515792735726119
1.7628095979611351
3.086288737424631
0.8054099627079045
1.8071966207506547
2.082097796376328
1.2914553181107975
1.3646795820417936
2.061870885861161
0.2192253786600953
2.1900056768248892
0.42125068349904515
1.0386762799157387
3.373331122118826
0.6454461404941155
1.1164995857363027
1.9057463752961958
0.9586823277947581
0.9303381325534393
0.6970254669784168
2.2706034891420606
2.522242805938093
2.245480776098827
0.326536645379873
1.520793798703188
2.19149121789142
2.031849955258083
3.065293590723852
1.1633573077299044
2.4447783366053333
2.738571052189049
1.0934550091427497
1.628616941652187
1.885377925198317
3.3172753791773553
1.74243959925735
1.7163876191393104
3.6202881487580885
0.9975493758303651
1.8506384140207726
0.6582622144460016
1.2544208529768017
0.282950534731799
2.546606707350732
3.1918930179623075
2.2357473545562128
1.2663839180021472
0.8023434049459771
1.3669717110517654
0.5088563222125152
1.003109391568503
1.0400387021139923
1.5092517111639183
1.9709953083372003
2.342985114246801
1.7469902186920425
1.0342599233632581
1.8634944785364362
0.5058140746282653
0.724771615875405
0.6845297492132385
0.2947652117100455
0.3433983890666475
1.2863064963863469
1.770291701466508
2.1290561533737886
0.4613796912470374
0.8083241455161335
2.2873657471733213
1.4817568648264063
0.4171557592004043
1.8519220212137
0.6068772291087604
2.1640737789788926
1.9110604362886385
3.3273632578043557
0.954084938365819
1.6127093363419984
2.043311174187059
1.3037872818286342
1.9760923890556434
2.4421739031208847
0.4719875014744757
2.3063122939315748
3.301149807506572
0.5565249743783531
2.4641340599628903
1.591243273097331
0.3033130516923662
0.8004924306472088
1.5005230634193036
2.511658598345495
1.7854283289206145
1.7399745015342536
1.7329300244409163
0.810189594329185
3.0469311269262875
1.1653901713088382
2.5315069643733454
0.9641252254133014
1.0174085021781245
1.877941559280983
0.9654068018563761
0.5093537969866188
1.4079248604343855
1.2178180884966383
1.1590095143274102
2.192472772422696
2.308298616951196
2.151428742383368
0.9040095961540592
0.5622840577071827
0.871274600328725
1.7951466052785499
1.927740215997558
0.660001524982607
1.9560609384758836
1.817073881932054
2.1681609589696085
2.751599303327707
0.4375534325593304
1.3576091003876316
1.2209046217758899
1.2480107765262098
2.3922275613668855
1.0839324407002735
1.972241831762352
0.8302853325682785
1.2092220152683584
2.198008505852551
3.4235908163920445
2.1882084671337236
0.22791747597240433
2.4357398162208583
3.0763218912401595
1.0171961161627194
3.2219401464722544
1.0277547124654633
3.157047913831675
2.6218570077257217
2.1667187020932057
1.9841459002487813
2.7883153087496853
1.3556643525960546
1.7428584034284538
0.4024084743987711
3.5631392341234056
2.171597748613166
1.3267501743555559
1.1868475316934088
1.1710690811754327
2.802967868862869
3.7927838025591165
1.78893914122409
1.5457924352242538
2.4147488257788403
2.539706575830076
2.6435104402497482
0.90277493856003
0.6647635161354359
0.9241650545685993
1.7922206265565443
1.6752235405008875
1.4353049707374583
1.6740518318300137
3.4290070154936134
1.5432076134485295
1.552407371906132
2.5170801350858105
0.8792467470569404
1.0496502920288318
1.849157215003471
2.53404621321147
3.320297943259088
2.612214867666471
0.6271871124434517
0.5030015683035303
2.2252564096485896
3.0181881983477563
1.203566962742902
0.9117765957501811
1.488449736075908
3.254774050202785
0.6123122083849996
2.6986798709978563
0.7100353113899224
3.238863444888232
1.8580213684808036
1.5753841034868359
2.322623234134597
0.6925872642880488
1.657224018377842
1.361318112077151
1.7192258870913915
1.3677753875897076
0.6562865240693979
0.35516547185981506
3.008316727737227
1.7082342740890926
1.1165547922952628
1.9862339294034428
2.324396051547514
0.8099045060124308
1.0173244111595097
0.41797032486095836
2.551318976549039
2.724990058971862
1.3848184660342109
3.51614824471023
1.8531991022568473
0.37412418726108476
3.5042653080050554
1.8427526888321075
0.8363947029330693
2.0077168767000373
2.1413950092401444
2.835652706810726
1.7304132106779448
2.447169188545632
2.9117262665363732
0.05815833752529521
2.1428050313882054
1.8675060159480328
0.7253500232422386
1.2082882667374357
2.5412792486604303
1.4587729760878279
2.1393389837070473
1.1538145780798452
0.20037011827631163
0.8435197052906395
3.020700194076588
1.9114574937486914
2.011793685281482
3.1884250056934738
1.7437206205261637
0.9053948932976442
0.8194198218273453
1.5786406325151712
1.7517102109386282
2.997341413236721
0.7918687262835329
2.0295220920056125
2.4992498990001133
1.2965095382486533
0.17100662540208472
2.0478038108695213
0.4424130190294066
1.053768761166857
0.6283711357553906
2.0025980223841815
4.0459990771543195
1.017261842022968
0.9865594286510797
1.9990893794600082
1.6144036415593543
2.2308304418073455
0.5866011228677575
3.276600865326041
2.7607155691414
2.121195440172274
2.2423285799355717
2.5832402379674466
2.572124391444021
0.48371834924913565
1.9493261087761384
1.185158314584019
0.28256550208809583
1.2391111416570457
1.9316672606150656
0.34174456229411077
0.7132120561169374
1.8709739529015594
1.1794835655993283
1.3134959164601017
1.9970814618412132
1.8617342335761504
0.8323999957913866
2.8382614652771823
2.8619787219048725
0.6750030967002579
3.545531027978547
2.3885525806992596
2.1022549303881766
0.2940731862056881
0.6051274399671057
1.1552455377805584
0.9280927766428826
2.1802295225153876
1.5642133084157077
2.5362781300688297
1.7749672730494728
3.02893650902768
1.6932791690102362
0.9379874040565834
1.14407915988182
0.4928046282501012
3.0462308095840087
1.8252157772558886
1.067392397635316
2.856210054743809
2.4243739587576156
1.6758043019327908
1.7628216251377546
0.5389586005907782
2.3876277143356326
2.585233742455556
0.6410679684367804
1.4878937728245876
1.2977731138277073
3.6082337446811628
1.348666206836306
0.9617855570004007
2.715354618597145
1.9011697819020708
1.6391514593576442
2.6454693864931094
3.4650214372074526
0.338627234966725
0.532290406276269
2.3583587931169
1.4449468077305678
0.056424258712077006
1.0832689821790145
3.09796931157073
1.8220436059404148
0.44504038484105185
1.8935051884096583
2.5785708643905347
0.8713034698408585
0.6452164483361739
2.777921696225546
2.237192797685631
2.464920207086191
1.9242522602609986
2.876433950973963
2.817740872459142
0.8109636665880962
1.1489206950531439
1.038240573858338
2.8938123625508374
0.9876545071399838
3.021761842343253
0.6891050831352363
0.4192349469700478
1.2804105142710644
1.151174953749267
0.7096192853341817
0.9404177725416925
1.2387403708997649
2.0702502061474783
0.39678157992001684
1.017942863375943
0.7660957919890434
0.641337953105187
1.4300276666537084
0.8782045183309511
1.5127190127713155
2.4360058696191267
2.645359967082599
2.014759860641907
2.6189425679305938
0.9686398603486418
0.9712602228708332
0.7001054119119493
2.1926016236051065
2.0638624504546237
1.8869800414902413
2.2177158994552073
2.231665434592385
2.254486786558838
1.3955596260995309
0.9956580385685467
0.5559269287799842
2.3324738732182597
2.738149135507829
0.9144906976095614
2.243565211739637
2.19533534444153
0.7639486895562384
1.266190508375643
1.5019264634532703
2.192750918990168
0.9173249362099581
1.322734807664509
1.1543506902686795
1.5720644929179286
3.2640060409203326
2.527337811871536
0.19768027042042852
1.313110699135343
2.161164404954693
0.9446751380298258
2.849146072264906
0.16056535193744406
3.710930221938036
2.554377436524159
2.1317696384584455
1.166406885889732
2.306174544504991
1.6724569840418833
3.7598492606397937
2.260612344163625
1.9136164157701532
2.5786147500474756
2.563902344162227
1.004763492491834
1.9922433560421344
2.7101198452365542
0.9314293983110792
2.360307355231673
0.8716352086592384
3.05900598408497
2.5584940959674762
2.9209663310554936
2.4367567421322907
1.4872343768596676
3.632318518211587
2.146764993592499
0.5867295230669027
0.7565236030666271
0.3355341159737603
2.5836073955038197
1.6196337802370075
1.8978752544454505
2.939576345313327
3.5833144175522653
0.9246005630844695
1.8128267451564175
0.710625484215115
0.7770776681027703
0.808191540988015
2.8601556624757984
2.852064816904613
1.4200408156324207
1.2684160935397788
2.416114808496696
1.864705367600249
2.3729085261714697
0.8215046158742942
2.0460878529858677
2.8695459421128677
2.295302530763509
1.34708482751385
1.5928924601051284
2.0890670089071395
2.4829822328583986
1.6859059216091128
1.5478555832840117
0.7743801788134989
2.4560850027652
0.8751350542503689
2.1184684488565106
2.519082307018011
3.0144101404539922
0.3475527611532622
2.4184988713728246
2.047126637217993
0.5104929409116428
1.1623601299540858
2.6421992356634587
2.703570314183452
1.107577715167582
0.2911001053734672
2.29015953429916
3.82463638852583
2.2090844059813013
0.840123235692659
0.8514729696495564
3.070347076167888
0.3555834615072757
1.2346589042953413
0.7500482369999677
0.13943363541997186
1.0509208572173105
1.337147588740134
1.2447461329060003
1.9533614884769195
0.5682170337030326
1.8270288808490371
0.6697958189384156
2.2935839159904354
0.37192709709049965
3.7915588598413694
0.8436348906461089
2.4633932475970846
2.0814442280402257
2.4929233478191777
1.449656697432135
0.35290819854190353
1.8859467402783763
3.2963054290754137
1.1610262916568435
0.375213905121882
0.8687183367837037
0.7879653990043566
1.4633244030006394
1.852170620512824
1.4308666421745908
2.7754826773444834
3.028594010433691
2.0177224850606956
1.2384930534897518
0.6481929279817852
1.4809518524261431
1.2891515332922545
2.539954658740661
3.7715815061865645
2.1792615426361195
1.6867360152449773
2.095545688225131
1.7320170377635413
1.8448740171988418
3.5590846691368947
3.4804049219110578
0.4090346910818585
0.806459970499681
1.9261430103371235
2.0664277690924293
1.2708014021773233
1.4799101025874388
2.6416320215083924
1.7302429035261968
2.169511562714246
1.5719166521033245
3.6484346795866127
1.3857064842459141
2.5713141288833006
2.9239601264186286
2.0269402725952865
1.9813385114969662
2.8567414220245215
2.7658657033519347
0.6100332739258676
1.2637854117724097
0.12699119148501167
2.2421541376566947
1.0604017661815999
2.9156910312167095
0.9702570013111419
2.5031684202057796
2.2491327456680854
2.673401857109663
1.5065572582363034
1.7744111401774498
0.5942470269375867
0.8343229441723268
1.8172600911412433
2.3825509756471552
0.5147026902516688
0.27428888859686407
2.0955658362394947
3.6647943751060192
2.834391664984586
2.410916183661917
0.8985475669666033
0.5792067173516585
2.7405468366839414
1.9640716775225482
1.7975751833735463
0.9114319494748756
1.4138702211285354
2.0126648865919785
1.3505833311250164
2.203928794984251
3.195313014842687
2.3515764683389713
2.301240830672462
2.0896891641407724
1.8027664255976745
3.427455124149781
0.7251507010132737
0.7478262188666714
2.38089772976036
1.1054086276296666
0.5688303639511411
2.260278890902485
2.4564534376947993
0.5376733635005916
2.2523700709733427
2.712366032967526
0.7841655486134556
0.7247760132034683
3.402537222991505
0.9897244765507421
3.615672955149842
3.286411668660985
1.9247904756347125
3.672380514192577
3.0411783773085235
0.3889329946550358
1.2664617102880003
3.1136001993581344
0.4329499592799207
1.560425211123612
1.9336455633336198
2.7699003938624056
2.075840233601734
1.7134518018070453
0.5397803423602742
1.3330071230222404
1.652640204787464
0.8353246015825596
2.329728999556251
1.7264858426657896
1.433281928900131
2.3442149935178165
0.5889636529317455
1.6056780899570144
1.660043844759058
0.3285921909961902
2.2149909463415214
2.028826052994143
2.3218513002214585
0.9318741175014389
1.4121228897954634
1.1433914901184898
1.8269229499712236
2.2704073683959494
1.3034405336402108
0.4899691029831331
0.5907923465203648
1.3012296181528882
1.2608615218201724
2.2165222858478772
1.1777149391830812
2.072889320671201
1.034441146574075
1.470392531686694
0.7406333621950953
0.7443388755935911
3.3071782921410326
3.979568837487826
0.5585113406102298
2.5303395176083776
2.0216329601801672
2.266537688387215
1.7260030261919648
2.4738080823849646
1.0518058802847685
1.497004081647223
1.281540230368788
2.7008252261972814
2.1536253098856735
2.6490290055945165
3.4742063554701907
3.6526416060562523
1.959905695912383
1.0191940874610907
1.0336167148297788
1.7601744796443264
1.6826203000997486
2.138028633578071
2.4663911583230056
1.6245394346866362
2.632714338440852
0.28250106681252535
1.2883006899695544
0.9564191156582511
2.875271443646365
3.0062422915541345
1.572725808456951
1.6543974944123874
3.694475714526128
2.840894274131934
0.8193202215366988
2.0098021344193624
1.4350011109842167
2.8680024947875142
2.6501144937089007
1.6451059487119766
0.82346057634622
2.1730077522567255
3.452612351415536
3.1883662557521184
1.666159381329239
1.291060788590526
0.610839238619037
1.5026543456864638
1.1259715138747903
1.484460340090206
0.9220095515373224
0.8978454113042728
2.696489814085752
2.2435011249231422
3.2841632959723217
0.754667344511196
0.5725804794032635
2.128462041814783
0.827222650853324
0.5044802216433976
1.9705457343286663
4.026181944188014
1.6221535656214787
2.2393447679698073
1.2384925648408973
2.4628534484451996
1.9066531408376755
2.8007693046075874
1.8522420684633478
0.30945769420138936
1.8134428709832184
1.8034839244649086
0.43928854493371494
0.3977515477389797
1.3639113262538378
2.5659133644339276
1.133819054159616
1.1356376405832127
2.4921254867874953
1.260253593823302
1.5478457540652382
1.1098739120342063
1.037200841786555
1.2487460484058768
0.5727941495654616
0.4799464937697199
1.9879723660052682
3.075586197818671
1.1240880814326197
2.956724792553173
2.943928844991608
1.2573227732924879
1.1055820824697336
1.4678280039724472
1.887347964451106
1.3803337196163448
1.001864336113984
1.417353274882359
1.5907860822977782
2.8391302480993077
1.1620619089781938
0.8478945410506813
0.9370050956102981
0.5727236000700288
0.7475448738772651
1.9177316074442694
1.7094509780491092
2.8338211421864954
1.4536944397055287
1.7787888021601048
1.4698827326958168
1.388062874331742
2.3389164508982434
1.823748474059059
1.4705093841112227
3.9930651065545075
1.7868301307098635
1.8451119418740252
2.748026387153578
1.3385684269960658
2.256057516207438
2.0471359333745864
0.8527852373761421
1.0260977651535659
2.0936092569057565
0.26551293388421093
0.8703286572688633
1.9383012031793994
0.5355307612880127
1.0069939907990975
0.36988691681813773
1.9443208515766992
3.4343047238311644
1.8122208952496954
0.5993382526626847
1.7612958585364524
2.112954024587488
1.216650888191808
1.8070526795891502
1.077280147617261
2.8587411661715194
2.26678557327996
0.34280048638363836
0.8118749201647741
1.3224717155101078
1.6175956716212627
3.193965372174065
0.5411208903276742
0.668179646956829
2.656175513397267
1.7089074068390757
0.9321497653380094
0.30703250933603465
2.8934052501154777
2.313842378649746
1.800529589114574
0.23714244255102152
0.599739283589986
1.78664671458702
2.0262934366280083
0.9841761642516563
3.1961378410532264
1.625320152570599
1.9869834642141202
1.4852687134840636
1.7919857031818192
2.399457602741186
1.9458340999580679
2.7565954434736235
1.9000060131825425
1.5805810085941152
1.2521508759063644
2.7937249914242113
1.220454598571574
2.368970130908793
2.1117829492684415
3.1233208657501934
2.626606260492375
0.6160848883954294
1.5880473996421014
1.7872535704455932
1.9160438293114588
2.565904889140233
2.27158711398465
1.6500027687194914
2.6414017959834104
2.2616305139310304
0.5361150728580126
0.8088153981157938
0.9113612194369549
0.865410154498158
2.1857432811108977
1.9476233293131462
1.6049393748771175
3.410070839154656
1.4377252177056117
2.5232591593076608
0.45080175987578336
2.6680990292254525
1.0201922513748094
2.7304303065618902
0.9442777206424088
1.311025138880753
1.8740727567429203
1.183215759121516
2.621666569014038
1.3378735177084446
3.7220720984217968
1.164904646304192
2.2670707325852786
2.275530924494662
0.9751046061585332
2.8558245926890096
2.8509206387610164
1.5472313243101887
3.6512520354441764
0.3627240202977606
0.7871464105174619
1.521263306225242
0.9673235560209757
1.686698315811156
1.3187786350263042
2.0723480711757563
1.1232707349932012
0.9261444113126056
1.3399515891706937
0.42246950291473506
1.579012384203731
0.7088616197838317
3.175500621974728
0.46855118882753183
1.2446442585684439
2.5724592451027193
1.6523844112867145
3.64883497086875
1.8967316983866311
1.14790696909193
3.4813186783038548
1.0120142889482144
2.4141560153477397
2.22765200928639
2.082419631145462
2.7090573654998766
3.3819637511712264
3.2237980507139827
1.4563535186579393
0.3373424337727306
2.047085235943538
1.538030327859631
2.388389743528529
2.053070654595389
1.0567107906763016
1.8720556659461092
2.0223999967659134
1.407455178902996
1.9654983948241578
0.7555668944566483
3.46387453090183
2.3213612948491664
0.43517571880558065
0.7940286693480182
1.2881599383426092
1.9900311333142167
1.5312943754798094
1.3974511314292068
0.8569668020825164
0.3193854443403335
3.3225559963213374
1.2561289461385896
2.1112823068435413
1.317126300311516
1.3267218756684442
2.5452681451043953
0.6636218695985291
2.4203473568528597
1.9536100365277704
2.160599806806866
1.3083105142011286
1.7880231940735551
1.5357875372642897
1.294734048050122
0.6030697487432024
2.9961713350625008
1.2528738933834047
1.7737422379838594
1.7156670158753073
1.419285293527563
2.792108349728901
0.8831491367424524
1.0685210658722106
1.1037815769841632
1.0299793279598324
0.3536264442844378
1.889204313352981
2.3889676859952553
2.177091117881369
3.1488196923114664
0.9231091102118426
2.5843751315393066
2.9279809264631145
2.12606740842692
1.2023629294465754
2.086810560981166
2.9282332805632354
1.7251244908161785
2.0674047533602713
4.063527217159366
2.0296280487208826
0.2802662927484045
1.2505834517851349
1.6248357834688067
0.47090640868196054
2.824388523667857
1.6045123458546169
2.9079711547821807
0.9162802945332117
1.9408753622174992
2.01547829408968
0.9567807525035923
1.2020979774425147
2.9844064374816965
1.3925605925209648
1.4078244516158882
2.1248544682417445
1.4772538566141529
2.1049939460172387
2.4415954762947196
0.918868280329233
1.6927033845772697
2.1276651794451786
2.2133067746077217
1.5672039290664828
2.277297935818108
1.8346767568452602
2.295839899577838
2.582287499585444
1.8308183901071633
2.625956815188537
3.869900541279408
0.6278133420885682
2.0535609250675493
2.0281539551895325
0.5141667546141167
1.1048747137417136
0.5883250361124757
1.8336615686044875
1.9905438513517943
1.9803155160632577
1.1291949091161795
1.8750545016308195
0.9415081774290901
2.739890309592546
1.7740089361736875
1.5877065017869634
1.613270472047795
2.299607584208308
0.5687753734477965
2.032775539686561
1.9961651177794282
2.5513931169446957
3.249773188828777
1.7455083614209232
0.9727788598352825
3.6230437658927657
2.119578323151547
0.6901892587954841
1.6446110733819859
1.552050577249767
1.3564979721019594
0.8137975213672393
1.0890772978864391
2.0931927803750696
0.9432684614868547
1.883328692519643
3.270147131539507
1.748725360353808
3.4220390264435068
1.2827873774641245
0.5934295088239165
2.052418214328267
2.1465920434544277
2.5063942775442993
2.3229117457329416
0.8373577297147632
0.36939897095026725
2.849767195719344
1.340730599000637
2.5195317203607073
1.1196304514032673
2.428601523175368
2.6408539598631617
3.1105290386737545
3.0811346471512797
1.7082778838883432
0.60663776464322
3.315307145918581
2.296285241269962
3.2149530092910137
0.6944535032080232
2.408495755487473
0.8904061445789501
2.96057816931129
2.4318008354543394
1.0359400863780297
1.2247751977868941
2.1538056377528014
1.0688563219020908
1.9256229538048073
3.0466515508862573
2.191077933457379
1.7855957793180943
0.40246658758055104
2.19421963943856
0.6560860043615461
0.9627258107066651
0.9496625681920413
1.6368461142608124
2.227775136632123
1.8785571424739582
1.0830515902048228
1.1637170580706178
1.5213926113492917
0.7992383880556089
2.7316287606720797
2.225343641211597
2.092549698840342
1.2646935905726155
0.7832725859684931
2.7578404694472085
0.9024487168344736
2.1248873254517293
2.103988785717029
1.6174838785465098
1.857451480139632
2.2159953444523093
1.0387435510638252
1.1047055061192248
2.118035179201948
0.9347259409402551
0.48672290210520497
3.345324757108163
2.1011627827104635
2.8527868393218174
3.6106860344974687
0.06757655472745051
1.8490561264157555
0.6481261746971481
0.5988420361386445
2.060530741895653
1.8934398292150594
0.8965798766676376
2.5588348391254097
0.7898902311914876
1.4688651972217242
0.7976769485050278
1.2551157714439725
3.4037461569363328
1.589697194263947
2.1277052581044
2.8480843870500814
2.9023397325271567
2.971493035950432
2.826517756705146
0.8334506771753328
1.7578848983084205
0.1608916383022889
1.3274455445437658
1.6938443351719745
1.4862847313400995
1.2102359015674953
2.6588529495172972
2.5888990952917075
0.744622434299661
1.7400295475140235
1.8784928950731394
0.983641656523438
1.0264220836560916
2.234295732022638
2.858599724761918
1.4319130027546505
2.3078444268333542
0.8072745981871133
0.7469066370558752
1.1878115015798574
0.6354317725024405
1.843500644568096
3.2469124275621604
2.1060830579748093
2.7734854862473477
1.0895675680649486
1.6932817241125555
2.9930314581462074
1.5116245179838317
1.595873751410079
1.1645290772704435
1.0657845415321165
2.9880661466570833
0.7498549854394337
2.0758802810953414
2.32542418900769
3.9353855766951025
1.823674000212948
1.754992386680137
2.2190854078133473
1.7874568885941322
1.487487408333409
1.2687871022091521
2.799922215997062
3.4765844123961034
0.389283415777118
1.9296018392832148
1.3464763438749079
2.2623950151151218
2.0733733547838327
2.133453650172441
2.2062522670974345
3.2248521216017
2.10528284939244
2.7866242693071825
2.799489041616129
1.6070927503672539
3.716055719538368
1.9853910497667187
2.3940582750002397
0.8348165334472106
1.4009245841472386
2.2308464790159896
2.4277499512725456
1.2101885476925522
2.313007783621232
0.9449885612832453
1.484737339175343
1.4819140178310415
3.897446469637573
1.7440847544946212
2.5366571140869394
1.4097969330492313
3.152428589552456
0.9009869506896333
3.0502009512134785
0.955873270977978
1.9326095923230178
1.8329390849380667
2.7753299607300366
2.9359464247264566
2.3544577883322657
1.7934657526251483
0.7643267542007238
2.425987022660864
1.1923834182096087
2.522654864143376
1.8061073112273371
1.9477401943980794
0.679546140533287
1.10783811249909
1.8705272265311417
1.400023608899374
1.4730760267870282
0.9778517206027046
1.6688143983753345
0.9872709816377204
1.4273836132963011
1.672419548369506
1.1292786332283284
1.7898700870970174
0.34893482407566095
3.3028196523131603
1.4623482023878367
2.3940514724557427
1.820274761454766
1.7550772000630623
1.4156450139921748
2.6641368081874166
2.1885707961751404
0.7803373306547932
1.7842368023678434
0.9342970631657671
1.3793081073699642
1.682725543082533
2.890866691011007
1.9248586809942825
1.9500717093127165
1.1689077133070185
1.7683922218153847
1.929625089163363
0.05781597593521273
0.6021446537042667
0.6033480690761205
1.4931873849634583
0.7557499020809196
2.4181820440903983
2.229547166742526
2.0079825577046817
1.7169093481907387
2.149064197606007
2.612813600480708
2.3407711504970115
1.2937454756121853
0.8988032884321524
3.108966468711828
1.9328989259010756
0.5717473303348383
1.5577010768526047
2.8764665306180226
2.628943510670756
2.385220011433912
1.055174443764853
1.6264634098145343
1.2586629588266107
2.1425133134239025
1.1781228475490753
2.7589378997406793
1.6404096688565601
3.0902940409574007
2.2044990387677497
1.5258910832529926
0.939291612755707
1.2251067204174975
1.97858582642058
3.0043884161000856
1.0353448594616663
3.5486800237583185
0.845070256555748
1.0982728834966027
1.1388589691491804
1.4405925149538439
0.7845630343378248
1.6229938618413489
3.7438028313702016
2.868730180347499
1.4960444046194643
0.9272003940564724
2.0925297681854134
1.7761209432134804
1.7427072534364316
2.4716294763810502
0.6397158534271888
1.6645859026560619
1.8317262849330957
1.4887398470606776
0.8943179111951225
1.4037193265257983
1.4609350272633206
1.5054857340636327
2.7594629711062355
1.5709286411949424
2.5552719068782777
2.6939106491025853
2.0154233323906365
0.6863034225230739
1.6204396876163862
2.081211499171635
0.27666751746541435
1.5596752916917798
2.4653039049196193
1.8291721112409387
2.90268664208283
0.35198199260700513
0.8281827614625371
1.296801456181167
0.8226326786465373
1.7431603859453733
1.874807608630274
1.6430657521595082
1.028077803300735
2.002966012910338
0.31891479272404194
1.9704098758424469
1.9127111633341525
1.1160545322006001
1.0679437740673206
2.2152092120948845
2.564829346779869
2.3261283138088533
3.353994918281518
1.431675621035324
4.06560346451761
1.2273621802655998
1.746643991247265
3.029943968290786
2.680355258995845
0.9508036629642423
1.6805678803448547
1.5527068824269707
1.3025651699730574
2.1726785177973755
1.444859544410676
2.119517979064414
0.3891019637158788
1.3828512418849392
3.1276784811320097
0.665478944489314
1.2141982311948731
2.4426609309268845
2.9834303242343037
0.38498652879968326
3.3192657595987103
0.8097988200476564
0.9731346899713982
0.5992611597600592
1.2986973784929443
1.3985596312250856
0.5534234419402724
1.7161632428482105
0.5764270187367289
1.9946554037383486
4.043375272486514
0.9735280071062149
1.8542806572232349
2.6051242170330933
0.6696873637778189
1.1253768714787167
1.0582693551633249
1.2657760476323299
0.7719400389737543
1.2160706552091356
1.2459459808413453
0.2562250672568249
2.4950057940984847
0.20107670433558222
2.1164676708654397
0.9145725829448901
2.0115934547361634
0.43529060927979524
1.7041830326002152
1.75451497379523
0.6271527207903929
1.4034916702024798
2.682671316027367
3.084208504003549
1.5535040731169063
1.3260060024571416
1.632279290054958
2.302521120828284
2.783885888490998
0.5509621184102551
1.0423741612046606
1.1814304759968126
0.6847400178360811
3.1285746114235526
2.62527811330656
0.7237999723023096
1.3662356625895082
1.4742087993737905
1.795027081343673
2.1136484803758253
0.8854336609302189
2.4031256772988634
1.9317214607053415
1.60552346048461
0.7253603768391109
1.8034849594683735
1.8930737931781543
0.8562923074826851
3.031612252597664
1.971868566056467
1.2657802577662987
0.5432981126405018
0.9365839765074344
2.0404613443283024
2.9957698459096296
2.3313625133178864
1.0801001741150933
1.4684583424396211
2.117668453695592
2.2466276767514954
0.7116271848671449
2.581233429753253
1.5987652450534537
1.954072074151974
1.4226900467874055
0.77861307221106
2.8162157968170667
0.3310625017885327
1.1696413442663054
2.1521790050792218
1.62731160588575
1.9638437272948204
1.5827083769302885
0.37309855512043033
0.9058246832681129
2.3845970186698504
2.175330040805036
2.6682707743499585
0.8659934331723032
1.6104835896653018
1.025706970865449
2.8367286709204445
0.6893594293119848
0.8095559484437207
2.5137522092239077
1.6776653669788208
2.7792400737145164
1.9040329257191002
2.57612358087879
1.918098119075719
0.5046983850839754
1.2536570960145512
1.5013394213853783
1.3613533720499473
2.4521601861693547
1.1268089541360513
0.9922403592334013
1.3418383659554305
1.351618781485076
1.1735406159574018
0.7911554003582004
2.079545309177729
1.1013895694110705
1.5843974817595723
0.3976898917388062
2.43818667840377
2.2358928647629255
2.083522945864975
2.5019253901822167
1.8982921005672528
2.230256531668547
2.4476503308683957
2.690323421406022
0.7227534308008191
1.2301976769482919
1.8572227029760116
1.9520903082747907
2.8228922633786757
3.0086933373391154
1.8792038898386796
1.0773754535339695
2.032158515747959
2.792221089457666
0.8461147510803056
2.6265881195869913
1.2079790196509914
2.12987627677231
0.09399428691766303
0.8802188250595696
2.8988548891110817
0.8681786340069394
2.773636265980707
2.193558927260079
0.793044859073084
2.4442680870767335
1.7393429885916172
2.5009802832612307
2.512514129433641
1.9756125538432352
2.698323903781038
0.9376370653402681
0.9163374274958599
1.0050777122775427
1.7281394103219883
1.8535430556500656
2.5897732179474056
2.4696346849441633
1.5031286191689417
1.0886946217137674
1.1056521790854268
1.8415964617236666
2.405211672476666
3.6821986432252833
0.5727495387171753
1.7740739521437465
2.701324224587926
3.1718691616890218
0.8736423161506234
2.757488452946035
1.0217786985343282
0.3659323023060488
2.4394523826413446
2.4109450741862384
2.8796990242288727
1.3612437078834372
1.6306554469472272
1.1183403675136112
3.036091609209586
1.2156834132374352
1.1596441491481215
0.6172088344274351
2.5239534446967675
2.1040492871528076
0.13050237612064844
2.8062621671718517
2.151157911276643
0.20103109448165007
2.2849143152954494
1.9797702355162192
0.5692691108218764
1.2461372590920183
3.7983218397463276
3.1216810370176518
1.7756962039010822
0.6822011799748008
0.6656613949624722
1.2555747730816809
0.48375967964830646
2.5567403247831697
1.541946788904298
1.953263916062006
2.6210952382136488
1.7482141028431344
2.0600890296650953
0.9820042909401161
3.470241636629732
0.35533539372092254
3.021412848487053
2.4733293287721145
1.06297880902463
0.8181172979574338
2.318676074298243
1.1964577845963766
2.1698594845064383
1.40908343534492
2.153309040623759
1.95472851911781
1.8677513788960096
3.312630485670738
2.569843678547229
1.5863802193744365
0.5702596118738033
2.6280371777009752
0.6383648051199924
0.8105367993562326
2.867254222184609
1.7794229312871244
3.0196268180600203
2.6458218899632895
2.9930625145465073
0.7423121279742568
2.0359749701119356
1.7654998724670394
3.28816915858514
2.0792779181078824
2.779322107056982
2.23607251219846
0.8853696628437411
2.5853788933889095
1.3994135434032287
2.0499193631345465
1.984761153368578
2.4347542364243653
0.24946185031117563
2.164778027351721
3.1486286621010597
1.267856611843274
2.9251769019218163
1.8681585081244614
1.3862000763387565
1.6840318257803544
1.266918100754345
3.072132576772382
1.4831337964042928
0.76334454061134
1.76002690340566
1.7853812770524917
1.1930509900767066
1.7120667357656492
2.8234916884868255
3.04609809283671
0.45528029165659
1.9840249876957101
2.0854506337882253
2.652796638546338
1.254196549571049
0.6408229332376707
1.35982961450385
1.549750417434504
1.6835832750870845
1.5668630996647663
2.4966002480267684
2.1568642928112776
0.729359966510535
2.3130971417963715
1.9044347102878314
1.4020429497345346
2.1552413404082853
0.9424867448689003
1.0035659269100996
2.548892300971566
3.9772675666422495
2.727148637281098
2.4912554545846417
0.6140021150665513
1.3552740842250903
2.7003844134982664
1.7380588922162092
1.2310981424395377
1.2471769781024153
2.80090976222629
0.8773633407391088
2.077346124158996
0.7187262423140663
1.0499959821311553
2.885907472376937
0.8929041315721599
2.1156944361034564
1.952796370675228
2.204946564250158
2.2239758717322533
1.0940482597176626
0.8790114428681892
1.1977439032877075
2.0928151806289192
0.6271736185708003
2.7792703480934353
1.4369732853794812
1.4435242119140075
2.4172085784967052
1.0563026476648087
2.209421189295934
1.5501227757972973
2.141088225029835
1.1137420188434637
2.3026699594380067
1.5999271818912564
2.1230198623631904
0.5815661473457748
0.73828877287187
0.49389676615618255
1.7227300787188813
1.6909308492020596
0.5972076512406557
0.2209465136136615
2.0176967261164216
2.314574741341963
0.6480366394768977
1.3242605608113023
1.5194018859873977
0.6374796664956134
3.0113907332264933
1.1097774035879486
2.5073385991561628
0.47883826377746386
1.8584709560685542
2.6955781696792336
3.3102053137475607
0.7093796714647194
2.0822572866983964
1.0457289384581248
0.27114271721355176
2.1096149457090885
0.9047373630594729
1.4799600816444933
1.0235923062979648
2.2967507532105094
1.3540202372892396
1.1668082589598272
0.49657720630235774
1.6167893114923177
1.4331230086600013
3.80516000110369
2.5792920427918418
1.689336821656028
1.034413649479866
1.640937734444675
1.8147109770742957
1.9698147155765715
3.208633951668123
3.1526825619951038
2.001650524572492
0.1691685425442909
0.768429714380825
1.7936119395758607
3.0087259160613256
0.605983220746147
0.6907994766938331
0.47418920785225044
0.523665665610215
0.5476955721857869
2.66007035462501
0.8049097401673194
2.614905283056406
2.459447888969452
1.7155443717604963
1.9630719438587265
1.187259582621501
0.8726961440070176
2.531220007394275
1.4470313935076966
0.4180949577696659
2.3906457129898637
1.080798269803778
2.1170282322258505
1.1286414083251672
2.2849837315621873
3.5334078505342443
1.3890150397032244
0.6506750653428234
3.2967710287702556
1.5605839779351784
1.7380874846100445
0.8790546830184183
1.267576892119814
0.0928042767674168
1.6578461184809872
0.6838959218071349
1.539352915718227
1.0937232113820994
2.0442452879645003
2.8380960916049345
0.9618685664083172
1.797794930723287
2.4258660198520174
1.7012480341695166
0.6023717255564467
1.4109462776666477
0.5318852967496074
2.869922473839729
1.5369646445714835
1.7097590535822764
2.045123264469232
3.592016207101368
0.17904903646467193
0.2852043924646918
0.10996126941220989
2.0305656966852945
2.0036467814905152
1.0400875927348956
2.2634051393659185
1.0369847576258242
1.2643872143774568
0.832721818694244
2.341114115715443
1.7554098845214752
1.6810963296614378
0.921554261944436
0.9136349079360268
1.2633014065176376
2.785133430634987
1.6939070390843696
3.5392864974584524
1.8101802630999917
2.6527982852751535
3.386086197594345
2.4940334599074
1.1709216144347776
2.5850534542107626
1.3476824799266534
3.3136340090953986
0.9223686801289975
0.6276235003272261
1.684292490584436
1.4753055092221734
2.2959122062611117
0.7962987613976316
2.7424381614978266
1.083873181583914
0.859254057794428
1.7291874082769292
2.118481846753248
1.5797264410599903
1.8035159895825839
1.0271394579863862
1.2621007447616028
2.3254402764336186
2.4503183948270992
0.771806297584539
2.2881335191786527
2.1761803147426413
1.1469924284947839
2.2785022344243706
2.5818676300086083
1.1029790620466136
0.07387471088372337
2.919288223514273
1.5215393632783878
0.7288590822877311
1.488376478227415
3.7357421529950128
1.5634469503270563
2.1432919300113826
1.0365541906008788
0.826956390250063
2.139203481521138
3.3815313842688073
1.1648824646503295
2.077143573611188
2.725652712268852
1.360349698915392
1.5033297082219343
1.8166282249702081
0.6536719985431191
0.028957863909518988
0.4633328599778987
1.1752096501034726
1.157731380466073
0.9788704155184008
1.7611651777562647
1.2021583022474556
0.3126477254003625
0.2505732625093649
2.00083785353248
1.554300469216873
2.5081002833495853
1.7612203931041177
2.618683063441709
1.524995775531648
1.9047489947914564
1.1629780156454261
2.0335943257973366
2.214437640274976
1.410803247436358
2.4534372683785453
1.0305993119497117
2.3143253625763123
2.8794946695976127
2.107544043438513
2.5552133754756423
1.8929485215784185
1.3941100011308938
2.0177616810398575
2.15499808659497
2.2653133752176187
2.5171268123219663
1.996173501164645
2.352702037610487
4.0517597283512545
2.5769274673980505
2.5005732978646984
0.9140344262154061
0.6139086778685532
3.0276619391166286
2.2066318603810102
1.7457204315776822
1.3815861939490035
0.8448914312019444
0.9730804324959721
0.5114983092424082
2.888907303210851
0.6013843751676097
2.2620933226113906
1.7757235020272457
2.2177393998524675
1.9573850038706533
1.3331400291085487
1.0942066613264985
0.9074580795549383
1.9877982346436383
1.9116083157226618
2.0257712854079277
3.7949690867741324
2.2202126208144324
0.7399737977874541
0.6248941019552452
2.707230154593928
2.8741072766140614
2.0628878655401257
0.39171071758244774
1.8094631385174558
1.1942131310264692
1.76495398140546
2.701184607769856
3.136566581357021
2.1898717829110743
2.610618992546432
0.61640004608273
1.9684867304538427
1.5159913257006805
1.7880501942293294
1.7922820391346017
1.18505603114274
1.249279651132352
0.5228708421972361
0.6082533338497141
1.9198779663508578
2.3426868670037555
0.3581106978505072
2.539013495075565
0.3847800447241643
1.928728048590305
2.4298719120082284
2.5063999584771435
1.9700277238838795
1.9048368893519325
0.30226847788435307
0.6940638877681856
2.298731461523634
0.9608655521150723
1.047540721011449
1.6890904993145894
2.1346822243490684
2.356433895176103
1.4475304343621038
1.2260560550952944
3.083702109809056
2.9109691493358545
1.274117853506651
1.2101066644987846
1.6196904897988333
1.77915230636516
1.4153064971262905
0.9833482078806112
1.650332531776165
0.6837859677587912
0.9150118108615667
1.1464557690090778
1.3438291013559442
1.2829402545200348
0.31639166732605034
1.903980548619152
2.3471364809541204
0.691012693081788
1.320515810060384
0.790792844263361
0.19894947794893134
2.7106705030980702
3.8542930076662976
2.730528116402386
0.6767770617575287
1.0905109601773242
1.8753890197819814
1.4589858586332087
1.2790524470779097
3.1276016048970865
3.349893727385443
1.1606245061700444
0.5463014535572596
0.8713820740222942
1.008025589116259
3.484524311759639
2.8556460795334573
1.006915945300954
1.551959909576292
2.42771251837743
1.3716672734463957
0.1760537784311827
1.20943101503567
0.9202560753980896
1.1579399746873893
1.6574000781625848
2.679422535556545
1.2431467576152333
0.8519446013834814
1.2647604010643458
2.3901684073810543
2.818354677156089
2.2586473106884677
1.6168662963587188
1.5136735130465115
1.2544589573671665
0.8485796774988859
2.594677563705921
3.179266398943122
1.9067884885293733
3.0517875165531394
0.9464213253720707
1.1028815630878936
1.5275834679309572
2.843870075726651
1.4974225812486068
0.5493614920039072
2.011928881511995
1.816940802997314
1.733271738398431
1.9732749772324116
2.196949447476061
3.0101767446478753
1.1566525459885653
2.681209997732822
1.5339168710333424
2.8943733567801866
1.0044863921536078
0.959618548215271
2.270343746844827
3.731021489095528
1.3321096751944903
2.6262638334840185
2.4962862590018613
1.2048773984833616
1.2122729202212508
1.87794842475121
1.2594399499137687
1.3490446319046274
2.5821030279295427
0.6364188328125313
1.7327386466983088
2.984365451232204
0.9503014119803778
0.532936830476979
0.9168463077310345
2.19605127932461
0.3540871545188596
1.384102326334766
2.0908665352418696
1.3535706453125531
1.060072769722147
3.0670078875141793
1.8765844835837509
1.7044291432697913
1.3382103457503356
0.5258725891004106
1.319493780977354
0.7853800523973345
3.378298387663485
1.4718655894131918
1.0308649804565193
2.144700480617336
1.3483927176543462
1.9060497906101468
2.3429215563831653
1.5596848518473982
2.4473866052771753
0.16600817323830344
1.0836896840926282
1.5261562344456692
0.39918712019563757
2.8649523559394714
2.8999446752633395
1.571105884675878
1.4651568607178238
0.52874049309757
2.4409673396945366
1.3697917505490775
2.357220864104935
1.595375809966874
2.314046683310259
2.382727891623163
0.8496898394967628
1.3022623565506453
0.8529683707229637
2.51927139936807
1.3221686389148601
1.741567991130063
1.5365559296783624
1.6070151399562271
2.7355604147225074
1.1260933431900542
0.8618419000353691
2.5272299373174056
1.7139457077335836
2.6809442223121804
1.396296429858539
0.41387737247558776
0.5562307584133807
2.0368297421535027
2.9521928379021487
1.914113191377601
1.7701547395699628
2.227635233345571
0.46550489471018636
1.3269949320542993
2.8772728806872605
2.0921946558209594
1.5798871491663233
3.07664754400418
1.1933599568474906
2.872731013010445
3.2693674574518043
0.21919609020969633
1.1811920433588472
1.5871500195385677
2.49455381177339
2.008683932868456
0.5491028522615624
0.5454054807844163
2.109851564330523
0.6065746805173847
1.1671876123973148
2.4635644453626755
1.7572642365529898
1.3737675234333813
2.70728881217039
3.272137294330122
1.5661966701507257
1.1242427854375994
1.7482657783638245
1.0801629373870323
3.030997894486208
1.5319386864884565
0.27720009178383664
2.0212838858058304
3.9690246449084468
0.8096431613065824
1.1729130008547768
1.880125238072744
2.1753239646290092
1.7871922144092678
2.6657782678815263
0.6199796426323579
1.9355098824921455
1.8213016601345204
1.8690887050606317
1.7644873001549053
1.9983562525785437
2.9959384731748124
2.1562143833103526
1.1921134516523855
1.062928591016316
1.9793272419721941
1.1550231323116826
2.7696494216662773
0.46841433316490766
2.8045879290931697
4.0768055498276015
1.5608592161431316
2.7745690855354628
1.999156709076685
1.3338444551117983
0.17732665145804793
2.9107318590526674
2.744879856840548
1.2748874038899853
1.8011606150726243
0.5729203782216916
1.64756467516171
1.5735123996627014
2.274138779664067
1.146846126760617
2.203492802407455
1.53896967479172
3.0091106917915855
1.620438219941299
0.4924271463161153
1.9357151814668312
4.183480926342653
2.2358354520820454
2.0760622931688806
1.1898163874241496
0.8629533344623552
1.3356606664327109
1.8293570104778847
3.5730385715548616
1.7302423763136752
0.8009003123124017
1.0304422578313222
0.8533171883614458
2.3731958154803903
1.6740548912313291
1.9266938773649134
0.8809242050999411
2.250303896955721
2.3312722802041304
1.3783327732403179
1.1900569503768381
1.6943478345521665
2.9408283900543823
1.7480448899870984
3.0470047620206944
0.910908189531594
0.5109075771561948
1.112998199014797
1.6495447529312515
0.6122068085989293
3.1689270236034877
2.6582755848094375
2.218600275999979
2.709002604602586
1.9726454771600752
2.0373893291535734
0.5569710921801324
0.516842718916331
2.0142006305450386
1.7790690962975002
1.484223787234125
2.1260748040270006
2.240108851088337
1.1473226105019465
1.996512151628739
2.561819211044184
2.0998169021318573
0.9585384569394358
2.314889931870943
2.1932457735168667
2.064940584877293
3.5913614455037246
1.0632818036038807
1.6374482715018035
1.392505746156584
0.7069577701494641
1.9857750742019702
1.5256025888044817
0.5761094490720466
1.0692270592222544
2.04045583698763
1.9727871770159133
2.2712666496841227
1.7050826704413413
0.7087336803872526
3.2139046694257023
2.1589881145818546
2.6130515274462014
2.7198735103234335
0.9544563088845982
1.0953317811423502
3.6857620302371576
3.931543418455577
3.8811895018674427
3.9996513617888323
0.45817718250528483
1.4520219971021096
2.016314802196636
1.7058465408069257
1.6659471183734813
2.687402070107436
1.3578933119927314
1.8122033995137463
1.123707761752445
1.8626366957078628
2.2821551106975595
0.5490576191891257
2.060369274236474
0.43359222197876207
2.2994017387111554
1.8994514203245623
2.3583999056570843
1.4502238971963497
0.8739960560344892
2.255953486313625
2.9890436066445294
2.245756405862988
2.9768638819618674
2.735331135445392
2.5318080613972604
1.276289078217955
0.4148964476771246
3.4071220822046615
2.5926767282165444
2.9156997799303666
1.3242641570890694
2.623527873111304
1.8120044884175313
3.38973637422237
2.7030422829057814
1.7280200127582108
2.188312364433867
2.871254745385777
0.5204230565666002
1.0905064739385646
2.6090132923211633
1.9116894097314288
1.9712349695396492
1.487693588203109
1.6136864750513706
0.9633012782210979
0.8629351114958328
3.097219382468944
2.023743670875433
1.8181105624396878
2.2146336056994973
2.118952973779357
2.2346109204276394
1.5073726196336308
2.5459259076178844
1.8720267231120182
2.0471137159561037
2.8708633988677126
0.2599224990537465
1.6377862293151932
0.9364037937781626
0.7112764225633111
1.5610700348321735
1.7212657301705512
2.5679429924551913
1.8201628631961742
2.4002921796744587
2.025924036817911
1.3727100099042973
1.152065749582291
2.2953633031754226
2.598814778272078
2.0121328114357184
1.6832416144698537
2.061716742710069
1.915501610423168
0.9848383256216368
0.3472640431965131
1.4776756834855356
1.6419903718396367
2.4360142277593644
1.5971363406674468
1.5483282570799743
1.2152278790369864
3.6565499035548634
2.4266496449895896
2.168412159835422
0.6332866194198251
2.6901053505591483
0.3066214256186287
2.248117054490422
1.4779199321493004
2.975090838684837
1.4413358705515793
2.037199594128871
2.1939249508855934
2.6101780265661114
0.12656823151044605
0.5786179959388373
2.233518698496616
3.59844434442976
2.0444111267597
1.6390135363884442
3.5753326505795076
2.565033975077793
1.0900510028112869
2.6494334425244888
2.1203717314770483
0.9343134043335292
2.4347163752148413
1.6031282276497243
0.800540209741532
1.060880492305964
0.8476890950109408
2.8745903191529045
0.5165011325015624
1.9473378978601588
1.7880229421942921
1.5876643576962575
1.174870503596836
2.3300308578242666
0.5380816942541754
0.7788444109170315
1.1612898451182885
2.1738555779714583
3.3821531466903347
3.8623164699297274
1.9071713731060889
0.7728046058668104
1.5782189196020184
2.6643307708026156
1.534516363020105
2.7254167171602046
1.3205534219344321
1.4992342707901687
1.4768026032459998
0.4064788121379306
1.1966791600019344
2.0204152357133154
1.300901718668257
1.665982036877284
1.931343528801912
0.9145358280652509
0.6204297128757862
1.6758623652473892
0.15651726763720375
2.9005605754133255
0.6720535088704577
1.7252851499708535
1.767620160412861
2.380893514490333
2.302266561299981
1.0233049606111388
1.348818076243141
0.7616434677535733
2.395671855885568
3.262635617554221
0.5509035837943467
0.8012992085147171
2.8632606352913452
1.463508308552984
2.339357149782829
1.265177074951058
1.2984046742011852
0.8124712246771397
2.073063602597929
0.7252272004913591
1.356718625630018
1.1974657946761926
3.4391935465034043
1.8404070396882597
2.13636120331508
1.1385940389067013
1.1298477205370347
0.056870268804518356
2.4696285622656275
1.3537333436474361
1.253550308359529
1.2220397670789367
0.43849872462669803
1.5216081149314806
3.5018502915118326
1.5196361488588495
2.2867188217293974
0.47281070667937425
2.402388860078482
2.157046356697947
1.6790737160907396
1.4270503244949249
0.7941400524357379
2.954287239575593
3.1585994923388667
1.52065759480553
2.692139003838679
1.3025540661415045
2.600707904904643
3.3725544531652254
2.5862754773825842
2.1412670460385534
1.6197541223696874
1.0372854404262333
1.9214093843409437
2.3345643965784353
1.6580019812664943
1.671347961508063
1.68894970043901
3.280738290193714
2.41333319948431
2.779930014891099
0.7875987382993069
2.0262882452745594
0.6250443707482614
1.2180828449120633
1.1998664481125725
1.0373700591152601
0.8548761969912031
0.4777004540089978
1.7796375709343868
2.1753704907958933
1.4529392054717174
1.272462675008848
1.9521131604034292
1.7572790894697037
0.5018576665764234
2.283281480814204
2.571270152235046
2.3372204021538923
1.7504383790358802
3.0049995533615017
0.34407822801294646
2.3557667349131277
1.049059986478014
1.851759276990261
1.1964757009744416
1.199772096663952
0.8578443238432185
0.2507638756228112
2.166579375181705
3.601100960373931
1.2096151656778835
2.028174580035363
2.208560572153685
0.9166496661953513
2.45628521386887
1.9807238229699224
1.356722157822844
3.854212589908879
1.812430428523132
1.1693362161138812
1.367648622010087
0.5727435232521211
1.8593755200813586
2.060045135752284
0.9458307297852565
2.1123934004994167
0.18656080799089478
1.1933916258252013
2.028749093163583
1.6534492287864841
2.197307141135955
1.5921165728101787
1.4882831784723296
0.270034286622907
1.7492144687596864
1.4481018302582238
1.716673190946873
0.7754090496297721
1.650175388278349
1.161061688736036
1.434350840321766
1.7928576258574156
2.5358438942587833
0.7245614706652007
0.7778773909703414
1.4325351401298827
3.272579060173986
1.3002071559651331
1.5462892364203111
1.225358028909609
1.6360397949256251
1.7175494363602624
3.0124446502638853
1.3926455308320291
0.884289832511061
1.4035130747913909
1.4456819968039196
0.7684571774074906
1.433151747657095
1.4593121417891821
2.3652520800132897
0.2065568918340929
0.9168024914030611
2.568715860432812
1.7791310975505594
2.9630428178721746
1.875431274635127
0.4778554452257516
1.9805319840324278
1.8138143901757173
0.5445389305035446
0.9030825615043717
2.6320890831215293
0.4389101398730455
1.4137347144289814
1.0362809389570053
0.1972005551953108
2.4851667279937417
2.8615217477510835
2.446946698016219
1.2816752758943215
0.8653590962621238
1.2621024873031512
0.7489011471834749
2.7269243455115033
1.4586211147218764
2.519938306007244
1.7102738934558361
0.4544826829265046
0.9138130976103221
2.735043520408393
2.5228062339122577
2.1632889690708166
0.6843931462194622
0.08080089704393807
0.553603888839991
0.6178200990381952
1.902271722724647
1.0147837609377877
1.8418420167949967
1.0279610456865151
0.5387344799230998
1.851327618999015
1.0126392189176698
1.3251002993789518
1.3707964480500299
1.079107423010213
1.4490847676182104
1.2624031645651133
1.2202311008561113
1.2694997088865927
2.01687179036551
2.0806872584940845
2.504765829954024
0.9517032381028555
0.8842832552257137
1.724049175576767
2.057489408689759
1.8493268614446308
1.6742913782100037
1.8742170882711529
0.8684289550049308
1.8815425322545591
1.9288272249130087
1.5132438218074695
2.4241503392941577
1.6853627882203845
2.4831624810782413
0.4260176437134669
3.0780103608079727
0.6737794845783477
2.8620790531886526
1.4474925146614799
1.1439295529993263
1.647564804890451
1.5738168248711875
1.642434080394162
1.8320422969691863
2.2921198129086
1.87510714986442
1.4776658326940664
1.1607415242329209
2.8882742090057265
0.9869110097617989
2.108107775523868
0.4112721004468736
0.7372443100708603
3.068732485756268
1.8114074821840522
1.209270057690039
1.2141320953965722
3.4268480077413304
2.7778760245407494
0.7577387399536811
1.611884182382385
2.65687684360159
0.8531984091420938
1.6080439985694481
3.321595281354242
1.4832716670323922
0.561731756677659
0.8671209166643655
0.7381442543876422
0.22391008408170246
1.8193821789211013
0.8804522307574226
1.9512342571022958
1.4379934029040748
1.5878558794320803
0.7427203212136154
2.1767094655620385
1.8987408803729457
1.1312823948725848
3.009440597453308
0.9334541083298342
0.9841422745908179
1.024369920863206
1.3263223848592534
0.5763420773199157
0.7661715684494348
3.184935390318902
2.2668557266378273
2.359070421516832
1.5260487918022188
2.1350152269055256
1.0665445618366567
0.8439710532486552
1.040886522798821
2.451036786074086
1.795502322502709
1.9724421057844772
0.9419992568817683
1.7333287228759762
1.8530302373783774
1.6703226900110006
2.3424505171279746
3.4964240185548485
2.5991205167408507
2.2107844257529896
2.313317501029483
2.0537560735156135
2.001456447412326
2.5756393517431038
1.2378128969889195
1.280731649384946
1.7403170174505815
3.3303384568213605
2.3666728205218726
1.3253524407912587
0.9357576926395759
3.8200792926568448
0.41397261801779767
1.118042678024677
0.41095845714790885
2.8589374903052125
2.426420002856683
1.4904768988863741
1.4789398989259621
1.3593506409247196
2.603098372363345
0.6856406010166741
2.8506872886130306
2.0232688901488682
1.1227049901893376
1.6911998364807204
3.046867682789519
1.430017376597751
1.4438635547103942
2.9824238842663418
1.8675060813668458
1.5896616852204482
3.3898186542986837
1.491945393954119
2.218691796075773
0.8221719963308926
1.812856545859724
3.0074115134727837
2.1373329598180755
1.2813266431138934
1.3745276000621858
2.746310501011871
1.8031665602531033
0.8674473838335871
1.158144152638546
2.7601488928282816
1.8636863269021695
3.605257112742047
1.7786036644429277
1.9307713286019503
2.190444951557152
2.0663740901916916
1.4817575467175501
1.1496743157873235
2.2494282942751798
1.7043272828150402
1.2425596687018279
2.466290124322584
0.09601395224423935
1.5507398571697406
2.719094032091339
1.4148724079752282
2.3249424080622387
1.8996346378117308
2.0791893007530735
1.2351066418666512
1.0081844983169828
1.4813623433170224
1.0056519739609178
1.2223122886527977
1.7924582744223287
2.7223959452212347
1.034716475547989
0.5229444307662541
0.8128445130343965
0.8788599921254976
1.2788729739098617
3.6549967401910477
2.851340199565916
0.8839264315248668
1.448992707005438
1.523405757847821
0.9334412450059977
2.429947686464682
0.15210085591026892
1.262473444344249
1.7649092698773619
2.3836400570759446
2.853150945523893
3.6105462109740385
1.9857225918021126
1.6560106628332287
1.2485210453120903
0.3522526477798679
1.8297617832026256
1.4439854923370437
0.8088285996227796
1.1527961395509707
1.7299659033340227
2.3031660135038794
0.9990357436820729
1.7487175032331004
0.5510848700021493
0.4172835305689192
1.0921530255233816
2.622095601447049
0.9289617878045392
2.118790909088836
2.224115405631429
1.9299126938733102
2.0773647106209245
1.0261345725249995
1.428020313617847
1.2799961475000508
1.3510685293567184
1.299379881989212
1.9591558875197719
1.3740360261116729
2.3151968664633507
0.8373291932667237
0.8767480475102458
2.7807500088646524
1.4321349374500043
0.573856121724043
1.113221700506514
2.613252013683088
0.8743165897667922
2.0528778655016913
0.5671812598307396
2.427521374351594
1.3483912459721228
1.2343107613623852
1.2098692206239778
2.286022559825963
2.00644571544287
1.7921217230802653
1.7580047334065745
2.9308741759048074
1.9512047747973957
1.0690689706072904
1.6650601011106096
1.4079722955811014
1.1420612812093127
0.8637760166086068
2.4150622307186285
1.711569534644181
1.7759032219056012
1.4179055474566826
0.604116110339573
1.987900369711701
3.5049280981683157
1.6797742577896426
2.1378789908132005
0.5608774450214595
1.7787982085299054
1.6753768432368605
2.64280289497009
0.35989580675021093
3.136285636540155
1.2843097230352813
0.9778105388681831
2.5833706647497183
1.1585528075302298
1.0382601796277333
0.9468330325370892
1.529411534389026
2.3510472382176295
1.3350868951877162
2.040700293609584
1.5022623993638056
1.4578014874492027
3.4110662188187186
1.1248165374580767
1.082295915849621
2.047792922074355
1.9571833523580273
0.9110397578260716
2.1159652474976625
0.9354673549668076
1.3950789341452285
0.1317474841655422
2.902890970446324
2.5729151925684195
1.203477333260134
2.2883770185187915
0.5409643090513611
2.068741996420907
2.374468401536092
2.995597145095633
1.4974607245813856
2.6170065511074987
1.4076154462194548
1.4031597514993976
0.9907579847218951
0.7977836566151467
3.4636627258458477
1.939515206553643
1.808340785678822
0.6741754207603037
1.2871532418471616
0.9537412888873575
1.4154534300352122
0.5006970607761738
0.9339246916264843
3.1676090142938738
1.5052875619062476
1.7969327997011189
0.09806106267445998
0.6463424369995177
0.44294479479403664
2.435958566139297
1.3496350611808
1.6012056258402405
1.7593294874006498
0.746049239850317
2.3386468718737037
2.2645399892385516
2.9851927616371308
1.3012173765366526
1.491976258800088
1.9995201665015392
3.045530421454336
1.3929428433348028
1.4128711978065862
1.6186526515131416
1.0145533864635528
2.152138504639956
2.6580649987529767
2.571479006225469
1.9788481336989336
0.9801205107465638
2.0705909654447843
1.631480662492622
1.0343055388810465
0.9908215735356002
0.6784421517545068
0.1989687888890461
1.1797504259289606
2.828680952873483
3.686364166405712
1.928340877103763
2.3342179252927955
1.5893407872833378
3.0979038793867733
0.14227635465131197
1.3096766989776567
0.9724877207846269
2.9811202107185397
3.4491091139112777
2.4785852293752253
2.128122026329546
2.103071631180801
1.6600163255317322
0.6269678765863387
3.2636837697655254
1.4676703412300165
1.2130364555764275
2.7523537145779966
1.007672394861062
2.8136026292796754
0.8558748523033227
3.345015674601411
0.6433785778943902
0.5512886532754058
0.3731497427872091
1.5650605918651148
2.1886379719092637
1.569783726890204
0.49695735634434934
1.1457141842085894
0.9141259349996411
1.1066511362648188
1.773569568025917
2.5903411700281844
2.686771392921325
1.6754022356342444
1.2421778420191605
0.6448638671728977
0.6557331409903391
0.6598678403679186
1.5246330846038274
1.3402993318146799
1.3971325449898886
3.841303914393204
1.222955823075513
1.7161232214467803
1.2779782720445456
1.6113110372547281
2.6252801316598853
1.7073780049396163
3.485186564386695
1.0499103225550623
1.0928697187146834
2.132586347485368
1.6641439609857467
2.2354834663993577
1.9799731591611265
0.10859632997073868
0.8684110208396122
0.9638963462637707
0.8448649289793703
0.2937017455578134
3.2411475095340347
1.7882960368747196
1.1737507049575853
0.3642611442025121
1.8121794257061026
1.650890129295014
2.093518238311735
1.430646567435631
2.7651878544830675
0.4847745837413447
2.102538984819692
2.073928146124025
3.831653049362225
1.1532731852675104
1.4279834575592405
2.470427713755275
1.7259418437082266
0.11093257889285721
2.987805003188135
2.441638112460438
2.444305782365037
2.2014456726042084
1.0353218223237417
1.845145991001642
2.898647518138785
1.0766961354032314
1.770694437322126
1.3449878919617944
1.867659925775948
3.066589421307649
1.8794064869299525
1.6404735070397027
1.3193567608183259
2.2261298141330634
1.649143911728475
1.5532587029836094
1.0820705629278087
0.6839369150516043
1.948133884577613
1.427541662985986
1.4084336274205576
1.5239258330070504
1.1057648628531138
1.9293034352127014
1.5235751126689459
2.245039576650107
2.0366344360511857
3.1094809379649813
0.6598611402257314
1.0693160061427995
1.5085793771692877
1.8235534700174352
1.7658115685473974
1.1335409536131844
0.5870473140801202
1.8479707618542296
1.2206730954756912
1.5097280704925788
0.32161901268927556
0.7262026955565883
0.8331589277278311
1.8801087300749784
1.9462817967087267
1.6096055475075295
0.8087004185000785
2.035957949394282
0.9881643109213024
1.6260131275517498
2.8171756524252807
0.5797767343289614
1.7260054899405148
1.6617742822311379
1.059078857828683
2.4472881076857846
2.79173751227287
1.1867728948147096
1.3570115378895282
0.8853704326773196
2.2862169264340637
0.7913167893948085
2.038984301149599
0.577090208931132
2.009080670278035
3.072560361095708
0.5934314144132048
3.9544312560389328
1.2305591757739478
1.3224280586673518
0.610987866059923
2.3050030548999163
1.5543951234939168
1.2369764520998163
0.5664316994583907
1.359780884912144
0.7533465570885367
1.8283619748343198
1.5704672116824465
2.3900312780926516
2.2345773615938387
2.0149920456492474
2.389033397608171
1.7057451067612308
0.7764297546219244
2.18282583584917
1.5413501561130718
1.587110404059337
1.2628163232821445
2.5061499096046824
1.7989440657400457
0.9349443302272425
3.10414298414715
2.0143152333920167
2.225759597179025
1.5249132575430582
1.7437369103808646
1.8793766653822779
1.896918417638283
1.1203805280380013
1.2247947572845257
2.350982233394754
2.331499062615281
2.783011636346443
2.9586539159599714
0.14595117590921727
2.101146006599264
2.4303066682458563
2.9453930831612913
0.7323389927365072
1.179068522889512
1.7225186806647494
4.138906703194319
1.8591459363982548
0.7713765425260929
0.9369624309095211
0.8432838567347839
0.7926211215652328
2.2915013541658067
1.835879161385952
0.8450676722097403
3.316583307886126
0.9200136248042986
1.8496276218150436
1.1990324072117269
0.9339104630723639
2.996795100826007
1.7988170036488436
1.1947993826676468
2.07741088716844
1.3319034289754441
3.339805937923355
1.2631364886032608
1.9605053426656385
3.1952839013321133
2.693489796283964
1.2300220058719407
1.720432400284629
4.069658785321228
0.7469860871783198
1.1500862457563348
1.705350996440003
1.8751286649751564
1.0741573717096304
1.9706181230479316
1.295614549581662
1.9853219436971383
1.4000403670938677
2.7475079506814173
0.7817082501412799
1.0183619411093034
2.942215916237135
0.6732292364610181
2.532176660192605
1.4691855070735573
1.5462225450318796
1.480849346661277
0.21637838041436486
2.340420624868229
1.9518184838370634
3.0122603653226676
1.3819576842969998
0.890854461489276
0.4816931812295217
2.069231275945379
0.38481239481117213
3.0062731773479587
0.12656869899070242
1.9816945629340494
2.2596477744077563
2.003351783504263
2.864507620714702
2.0366960750520664
2.6128873059247337
0.6176736837242299
2.0636491819741276
2.5579642240996225
0.9266959470597906
0.23776193249668542
2.3187630952584044
0.9048742598955349
3.5193505418308035
1.5082702013514062
1.1577656139430341
2.2742893926552443
0.7051446298517965
3.8799429740499565
2.4535343590673153
2.0971678418774045
3.1772612896675443
1.9819162582636296
1.9436618163560353
3.2796077736696256
1.1425973575442856
1.3933954756718037
2.965875656075323
2.178708903990728
1.2303509338331118
1.0782721429208493
0.9602888040739076
0.5555829112309392
1.6821841517036789
2.0848567149514463
1.0496305864219047
1.1325464008818515
2.947872784447274
2.223197830702484
1.0528200436249397
1.0408156660730192
0.6448903989965047
1.951327179717088
2.1995268836491415
3.176810866310048
0.6136478300163276
0.7093691774722768
2.3206738908771767
3.3987400890437707
2.1998733549610594
0.5736484824119147
0.556383712857912
1.0809402537775583
1.672624876406578
1.0376093281619203
3.3234421167194075
0.810299974570814
1.0359470196145077
1.7178529647388239
2.5099952826384486
1.3589019407537655
2.9685317444159356
3.4451042338894013
0.5337564805962167
0.4239661707563181
1.8881409426506108
2.4580457538792184
3.0691741304688405
1.6402082059870349
1.8727640494122282
2.3556891203932926
1.6524737237206544
1.8195216416417415
2.6937120975909092
0.5686697980273109
0.8133393070916942
1.3470562371211021
3.7239766456556054
1.0968317162013792
1.9803079748102752
2.3764037322655276
2.224806951329071
0.9048725703740486
2.167641411167246
1.5215271021561283
0.7917243948583824
0.7086232518355557
1.5048285943038815
0.7970748802478319
1.547713416308472
0.9498455606823403
1.122512320685181
2.3524893486868264
2.242555540988113
0.9982278014482091
1.9609265022137952
2.8378802839170345
1.0632987324851348
1.2105324832083326
1.927612504720016
2.721367919666904
2.4998194026068736
3.7044782507043355
1.6973657186571232
1.0062966519603507
2.460088052939424
2.4252848328874106
2.729078600184137
1.2820325808594017
1.4607815662876524
1.2099821019417936
3.7331432353578937
1.0140340449730438
2.463012417633053
1.9351117623285439
1.3202964238213024
1.551649386599713
0.9812010581614944
2.1494058738089077
2.8373656772955473
0.8819973348578086
3.7254356470322985
1.4031938369172265
2.024381385339277
0.9794908265013831
1.3515292378383523
2.8109309989322293
2.1428730449239906
1.4173712990112088
1.1667287875914603
2.1600173075764206
3.8091839983124376
1.3895125768688221
1.5561865568817486
2.1366931252804253
2.198819402690223
4.177189994864157
1.579816492942475
0.628288161651609
1.2159454332997763
2.350133111504233
2.016022188470295
1.0747292494349188
1.7684123941662324
4.0008950301679915
1.1472441403563962
3.3141592248739737
1.8416392922229639
1.2487615326804786
1.7637762491237656
1.240006041599962
2.4748250245781307
3.0559575490185567
2.355838730161943
1.861777742825605
2.18416048075478
1.5802828110877165
1.9406560200962844
1.0023076169129275
2.0773383999597272
2.4677923916232998
2.0642304355876413
2.4927257776604694
2.0356399748470597
2.1403583832256445
0.7728962150321184
2.2653176928990524
2.1048851610675334
4.000893120503341
2.0908923568129025
1.6276320851720096
1.5749338701362885
3.0012521080496883
2.35471547615976
0.9251348807467006
1.9457810929325412
1.7846154031549635
0.7557025279233686
0.9004229987559881
2.0480112970061923
1.3713305852891164
3.125413037167216
