1.0387340419391344
1.7742221825579372
1.2704129000783575
2.1620089703647554
1.8122723642917271
0.8581976133546781
1.9443035904346082
1.3815520252467233
1.8001862848365333
1.7115408096116749
2.022872172428812
1.2859015480653553
1.6487551713406843
2.209748969192936
1.1826273607898585
2.6563237325366345
1.8042498636245612
0.15392245643864577
2.9717707206868997
2.984078050507497
1.4012013769068281
1.287153823260719
1.4760043507974288
1.393636279327158
2.417393607720302
2.2057453289562976
0.7983115321927555
3.402090933307614
1.8596887592616187
2.135857504653771
2.4467586866409197
1.1631374524886295
3.3004059464896325
1.6013673975827742
0.748019277716993
1.9390224525710478
2.006530764364662
1.1784405267607447
1.7741284309837708
3.3206818145600496
0.6198264565546288
3.3243056334991876
1.7999905226992658
2.3492259754297695
2.2149918042257504
0.7494775968562414
1.4959902442505972
1.057923461461405
2.5985949375640147
1.7730489091129567
1.7178680039396637
2.8016262226433226
2.0940980028283707
2.895708005005002
1.7983745118425347
1.5694994531026858
3.8798943905733863
2.0534190942809607
1.6749434308339113
0.7871288374703417
1.0951050317601014
0.4275435613973663
1.9738020739417974
1.4601780809832507
1.0786138559234486
1.7332943235395302
0.9435279933202453
1.1348329181443286
1.7849630676631887
1.4134442696981948
1.0140170656321317
2.2603295708829676
0.27268593200681646
1.5398885505404492
1.5340208482956685
1.0312557079006879
1.1745401449210935
0.4423018991228944
3.4928542582320308
2.0429532435490496
0.39877515679906217
2.5094628821381755
1.8220295715035624
0.5269988811119535
2.4270851030142286
2.79137495767743
0.5219613117017188
0.18168303930942192
1.8197240583597087
0.4804945996730134
1.7138689681344508
3.2029835896811596
0.9864200177433465
1.5340713426665054
2.1406791768093822
2.0042451328306483
1.3838581670003356
1.1949137286143634
0.6616163888009594
0.7808030523471329
2.0212176249198572
1.8737704885536859
1.8841299589174147
2.1878805934319807
2.6906035121717546
1.444563690523276
1.341169478950266
1.0146502803472706
0.08354474417671269
1.402018416072079
1.3451955035482903
1.531883548876773
1.1485263851975098
1.0101774669149417
1.0364270870804286
0.7085263432325883
2.615885685059635
1.7007459573224817
1.7265580662246913
3.2375985306801534
1.791865473550749
3.1493430257851434
1.714665513118449
0.9213261856526854
1.2288593028754533
1.4401895476206965
3.4350285604611126
0.7645168056340157
1.182019100217235
2.5375866584334648
0.7624407425900983
3.618560089724162
3.2218100241856877
0.7113164351632097
3.4085615600835117
1.3784044162635543
2.0919642975675004
2.8839394743696802
1.8194993385995797
0.6242430200180712
0.8908311541330863
0.244733323943356
2.6889636835133923
1.08973184050789
2.1094054275812213
2.4221884287940276
1.0794314465559935
0.5512229198005533
2.107706427732849
1.168397131313599
1.7144783660241323
0.9503668761733596
1.4500715925628889
2.2111988726496183
0.9220876911775389
0.43294593151602634
0.1538573394116656
3.390167380516511
2.0285532590437563
1.4817202480346006
1.2652382550291863
2.446453112034339
2.8230418454223734
0.35743360688671144
2.018529036996407
3.7498514822322413
1.3461161919148286
2.768678889256581
2.054575530465785
1.2654568824120245
1.0411213473950052
2.2973145615971418
0.989057579691005
2.6013866146049196
0.7012072546678032
1.9960682144980555
0.8033870684102741
3.148205581501261
1.1011964958626193
2.7160558549455907
1.6920645383638857
1.6284635687057916
2.519558081837043
1.6065956114411868
3.1457348995167367
1.3735378919673218
1.8210023933458142
2.127530271267593
3.388248015218966
0.7800215496363974
2.139967574901977
1.1371369254740333
0.08441866214523949
2.1594682817506206
2.8930467865971385
1.8702197368055948
0.5359360809698288
2.421939551385614
0.9915720298814886
0.8975124742067153
0.2976805372137654
1.8038359663290144
2.453519268663525
1.4525360143194836
1.5252682912218516
1.370376678934839
1.0309189027450214
2.112213041022299
2.114633384149377
1.4430043342700403
1.0163968501631393
0.8817490689906615
1.4617824761454103
1.7291207828308737
1.4966328433170228
4.068398514878861
2.4829004544976416
1.698323859216565
1.2444420692816154
2.222475447637651
1.2895613740203629
0.6928244203871977
2.0808580244500305
1.6116470936903147
0.08143545870838835
1.089477373484038
0.8947650802542063
0.571489994610193
2.2156834459411003
0.7937730079763061
1.5822936323146177
2.8295079559131886
1.2732487732214275
0.6148692832417774
0.6717263645613549
3.410076093170177
0.9295780214512833
2.732194103817357
2.287564969460385
3.2954455610974933
1.3468238972486268
1.866065893862738
2.304353831402201
1.371166260110976
1.2444584703331822
3.3892629465018755
2.21020484650223
2.9959905934611855
0.8189478373147744
2.4395016854875036
1.144148395516308
1.1538575411723158
1.0260119486384813
0.6258893666789246
2.1063083229187334
1.9056679455737828
3.0664424004607116
2.771030732282292
1.3005576463567712
2.5756479917677386
1.8098512911717246
1.4244116457484142
1.4451702515330005
2.097550116403331
1.834232359131536
1.238417414810649
2.879851637298017
1.4685361474814065
3.156133916309501
1.9898329946781947
1.638356292223491
2.1213152215650335
2.3167825737774033
1.2405190130091952
2.2820387227823797
2.4561721651740727
2.2202593430307913
1.0026676636093157
1.6673520643408757
2.501798842490574
1.6225662165537746
1.3866060343023108
3.668554089666572
0.7326598336311452
1.4736901253618822
1.890426458795587
0.6475755682323316
2.259078083118679
2.7589169028269325
3.1476796859530305
0.9897018143602367
1.096937339877121
1.0146951396023582
2.2309001948986564
1.7832741120686775
1.673931710228329
1.7230012154098682
1.6819746159798536
1.0726930150815692
2.5568788083878413
1.8304980533145516
1.3558106022302179
0.9721287524227367
2.7909458719205116
2.012931386429821
1.3849452267247138
0.24293220950758787
1.3862655442036642
2.0577899942439486
0.8146672984995976
3.009883441876598
1.4691638871288886
0.9134328358611856
0.2712389086660863
2.5099380720178734
1.4131127441432065
2.246259825013738
1.5816721521417396
1.0590133391729135
2.594608806433663
2.534633597386306
2.6595194218642746
3.02405816301326
0.8553930742377519
2.147977214038732
1.9095957251828977
0.17473002813513977
3.688710357595495
0.6961115615638133
1.1651499079866319
0.22314964082348632
1.7575343213674064
1.4404767093746045
1.3492374126499584
1.8585414646108984
0.3651775427564886
1.8330215026272014
0.3838070475991663
1.2077171776478983
1.3277351450512085
0.5835880329010434
0.08538885232818137
2.9976072771541795
3.2449235111938135
1.4059052188710899
3.447404865355506
1.9006281378679177
3.31655123936517
0.7784317993788938
2.303209528878331
1.9855816491927298
1.0200821540393554
2.461998757349738
1.1582662574810285
2.338726283297223
1.5352591165247573
2.180731649249203
1.363087565860391
1.34450529532005
1.6569319125471993
1.3662039482556854
1.4084323839726778
2.425267909232753
1.3154920914243107
0.6179322065361187
2.226651931080382
1.9046804285935524
1.0634059045480817
2.1663900787469466
0.6449060824447438
2.5148067476014413
1.890704622545632
2.418027211908716
0.651495920525162
1.3019556885998231
1.4693154107209863
1.5168742044768186
3.070729935852822
2.7383137941368942
0.7549947184116133
1.8581857787066047
2.8625748589164797
1.9923646069847234
1.1476516837825759
3.065451582521844
0.8774105847464743
1.6497294082775464
2.204212916921157
1.8734003430261215
0.8612036064948486
1.2258021791941431
0.7224056029147897
1.755021078329025
1.0684895383424782
0.6386566129401116
1.1744902502582675
1.7375591807370516
2.5919789234247332
0.7641519782097076
1.138426777584357
1.0876790814601869
1.5748685337331456
1.5870347157752502
2.51303788530332
2.3257527296732006
2.7957719387192506
2.303897763020175
1.8670577676346123
3.1534047298900063
2.1087740715982926
2.8734412984071493
0.811130561791331
1.0829930169404187
1.062948458063893
1.4228416431462538
2.3975500318358236
0.8957452743873695
1.9233284481097426
2.3713216069972423
0.5879700877767756
0.9980012116697785
1.9308782887562703
1.1401151572840218
1.9316050840305308
1.9786324692535584
1.2240218050785165
1.1023346758568284
1.16456615715897
2.726157132678707
1.1771188211601498
1.2343232702381965
1.8893700987796913
2.0814540783472597
0.6899464560658581
1.243216780812659
1.8497964750913558
1.0701551506113667
1.1581073004381428
3.0071673204556535
2.504893640628853
2.549973436222416
1.63568552001698
0.680020853947578
1.796132458243326
1.505280707588187
2.430979104797459
2.5341471398029904
1.3300770488107594
0.26560743363679984
0.6906963531283156
3.5986667473267016
0.9178798085821557
2.5347198893663383
1.8069899940612444
2.7993186389058167
2.1612098856340234
1.030806129668734
0.6995784978983134
1.153861600173226
2.591242073218624
1.0850780333822414
2.3657207682380954
1.220130916019636
1.4775692135208134
0.597588368619108
1.2631718176290452
0.84058279713574
1.3046085617782164
1.2786949605976818
1.5663874876806902
1.0367985183781105
1.1238939653817408
1.0609092999653034
0.6604082743188715
2.723133066833465
1.6366290739017257
1.7971565155790492
2.112306877712832
0.5929482556550898
3.462915342152744
1.4764507393780797
0.9283737696576491
0.7234289594081099
1.4814610381237279
1.4019999907075074
2.039763868774125
1.8949463083119782
2.8799463020733542
2.8444075456527065
1.438137498531885
1.8324087810547145
2.699307379677136
2.3420512534169404
2.757289538030103
0.217618827449533
0.3993306138119001
0.8379312770421733
1.1011965924248008
1.550767279773645
2.846119736944752
2.7441160652999614
4.1625129168798445
1.4490374180720953
1.6465364780019272
0.7353341892204398
1.6450442085976185
1.6991430756805859
1.6002901061973795
1.2148018490837436
1.4628770671740436
1.3760129342075904
1.2111043026984472
1.0174259896554958
0.9193574967277394
2.445296061853704
2.805806321515041
1.8125955712112223
2.175113263361208
2.535018725515988
1.830364825932445
1.6675188018852967
2.3230277641387596
1.2522141880569742
1.1923064888510797
2.519103330912777
1.551900273075691
0.5047648052110947
2.2931388800565924
0.5273815188767111
0.5678558789382985
1.5555809936801939
1.4098541615443871
1.7201416893207935
1.827696990373133
1.2543574187044628
3.555997669114014
2.150620540815949
0.8861505856300032
2.3691542215833925
2.023771475247965
1.2974033052029963
2.853839965978947
2.83740269217123
1.532099756286445
1.3667184739493037
3.4494300978848838
1.9692335025384478
2.5176690632930967
1.016178272044876
0.9899803309951904
0.38887836448021196
0.9659389858485526
2.1893874910464732
1.1528758038510618
1.1121150773301007
1.1623090323410363
0.9631531069219093
1.1627454896987222
1.4941180941837036
1.3784159616229796
1.057434943547952
1.4804095444807506
1.3592134729722598
2.190303070556402
3.09917915287544
1.7452296480584781
0.477314877901967
1.641458751689627
1.9284471810487946
1.3649481348742682
3.440312609780496
0.8647539435265466
0.6389051948383637
1.7102266752666877
2.665803340917482
3.014714358901176
1.0397569925973569
0.9794693951087612
0.5317518021951674
1.2394588289225947
2.0221042493657824
1.0867108882728094
1.9346344665412751
0.998193241532279
1.1812443937208335
2.71952636807326
0.7102145403459195
2.1163526243028965
1.5212994974030851
1.3988541168755053
1.218016127066065
1.9074284993931079
1.9411230535365385
3.325689721824943
4.05665185086307
2.0126219325340364
0.9300726591634065
0.43066778162444636
1.1253058747991262
0.9039275538810467
1.3750137132337714
1.425332049972322
3.2113247609295215
1.4448831451073456
2.8129865643676975
0.7754940047964644
2.338770431866645
0.42637350732037177
1.1272382136942676
2.100260928597554
2.1487557671082826
2.1326455181179083
1.291277778913762
2.9341924608057885
0.8961328533871866
0.9755900170399535
2.1619804647785394
1.4187572448341697
3.289897161005515
1.2516944060997743
1.2373982639557803
1.4966436014369384
2.5747239264585433
1.3495178682227114
1.9476929475633549
0.6341353089605161
1.2070752197495402
1.5817668348548966
3.332802999383221
1.6076649535169525
2.060462948407852
0.8125544721192807
3.4883029964943324
0.851952306157773
1.1832211439835123
2.301383007971626
1.3668642158583604
2.2280620014132415
3.967749406522607
3.057664256723342
1.7179569018729934
1.1298593252473854
0.6641369987811946
2.3503660656300283
1.7080761915616387
1.068216734861127
2.0631908672209454
2.291141390430131
2.1341284536417158
1.3454299280480455
0.8618751236563946
1.781403146496392
2.8737735929675963
1.316519879042317
1.993566628510747
1.4447418740075313
2.9791599930204353
3.3176265820632262
1.5548883895211487
2.738908937177618
2.427481088161445
2.5154387490285366
0.7728865502747596
0.3385787170676422
1.1839091264080075
2.470547163504854
0.8585698186668066
2.62458852712943
1.4788411698300603
1.721457634721078
3.8019271522735725
2.594714636822857
2.79586383191229
0.9926944119022714
2.09342650647522
0.9235036332991305
1.7231761848288556
3.242174899785372
2.273425915012678
1.8750995374874266
2.428041577285539
2.0541916354657643
1.0171414004002763
1.6915213901338029
0.3982466920783956
2.9869352787523966
1.1303596609216926
2.3002785067546934
1.1097630312501952
1.3985983595635567
1.1775280427596806
2.524059588615765
0.8957367505110637
2.3890714827058224
3.578462930973104
1.343301314267172
0.8624655992861738
2.5125288291812438
1.4103498279217146
2.121021034674681
2.995681917314385
1.2758355198684344
2.0770339390043624
2.136630961628395
1.5998854669643146
1.666605055257722
1.4428483167830914
1.3314106386157447
2.9677017221842816
1.0879166704890693
1.9623874476847343
0.19696724058837353
1.2399789608869096
1.7283011325712174
3.154890405594485
2.085962014451294
2.0675499658363834
0.8738621619820605
0.6330934466613879
1.428112836401839
0.8195976524865526
2.441015787504683
1.9715543460761988
1.4385050794008387
1.4556730584390256
1.0861020869237565
1.7975824928773343
0.9825677889901534
0.7702678990215095
2.744860247848378
0.950739276787197
1.949733758681995
1.125426049336446
1.8222029638402948
3.114020169989041
3.135433926822269
2.019935567708888
1.9049173936131116
1.7897737107144343
2.21916675762434
2.9681144558680193
2.7614120641531303
0.7006389663758517
2.8383820519347673
0.6892174879342386
0.6259828424845236
1.7365725930999663
2.103959923531498
3.8048649882515044
2.926288593148804
2.0670295541481662
1.5025522551520467
2.200184805352019
2.9098160196846212
1.6607203929585062
1.2658705968848918
0.6967343023231758
0.3987021694502781
2.0681208206258908
1.5021575530010338
0.5562598720279224
1.0204236039611494
2.1615581409176117
1.2652711697917807
0.7424720774721579
2.0683752494662673
0.8142110200715716
0.44792802966069317
1.5068494029029258
0.8090117112716402
1.8450553749617564
1.4524805563769658
2.9807816694668174
1.5985033100642203
1.4664025983337687
2.1538852906898347
2.0973163364427316
1.957125311426406
1.395650464523835
0.1284348922146102
2.873632732335081
2.659814953596665
1.8331780236740354
2.357721883133228
3.3436068400236953
3.2462762257868385
0.473740157875929
1.1764621450535275
1.322825598197617
1.894500416528187
1.8014406973930022
2.969830496578023
2.541371802843197
1.8724063059725777
0.9090816405502131
0.17566490943673518
1.7097390478066206
1.878194421666441
1.7300852619588125
1.3435225964170041
2.415180019077718
0.8722404085214485
2.404603805018663
1.6421867413171967
2.102718722910082
2.9988899541504215
1.2087468277457427
3.2275871881617375
0.31772147636963727
0.9739293301075448
0.6547001862320015
0.7614906830839332
0.15373490655315764
0.5735212803867931
3.3633114616761985
1.7999057174083408
1.0903227911671303
0.4714943413059335
2.3372499029737024
0.6166792562251193
2.528491592907653
3.030149511648924
0.4786655068996835
1.391775776171887
3.4422510872764303
1.3219483994739254
2.3839035907167485
3.514235134055339
1.3568498088096326
2.2152483609995963
0.44469882968995567
0.37912627922921527
1.5462663538275123
0.5505089171304542
0.6954846550975923
2.536307680365906
0.9409224056513807
0.6255078860798096
0.8959606976461642
0.3766177786129987
1.4492186785202958
1.3307699828394568
3.5880574908038056
2.1567960705662363
0.5475675605671562
0.24470465241797443
2.3345479879198656
3.3722679019556137
1.0976042500496932
0.9171112232539756
1.22763613920786
3.202596821745404
2.5048482266004384
0.3880531741173484
0.651447452835378
1.378307440620066
1.2486926891061425
0.9823470570000855
2.31236755777959
1.3265247529897795
2.6490416384799333
0.6611521752731959
1.5975619802463965
1.685913506529353
1.1689677124905187
1.3435126807368927
1.9982474772788614
0.9969893788535467
1.6422903211617403
2.06647226624116
1.4984610555663684
1.7376857243775476
1.0799978646505282
0.623114470201565
2.1634686968878465
2.0560247042217252
1.7672759184223656
1.7498580217245494
1.5930505731521885
3.4059973691282575
1.4073389520465422
1.7455827434558113
1.8271547271349249
1.5984661091210706
1.5476834338336016
3.0548207345156397
2.6489016339484497
0.6161933176300307
0.7175216589870846
0.4597269511053076
0.9306030928807965
0.3642235982485137
2.499431684743877
0.7785685237016293
1.9547440782505066
2.033245222351074
1.1852205203448816
0.25089324017298464
2.2209547869696746
0.6416866168957397
0.18469734920816328
2.9042399837838215
0.4500568286411343
0.7971183883380257
1.4533782231928036
3.3092112958176876
0.4762697603404338
1.8545656895601659
0.9450158589785388
0.9749414027126336
3.7230990715632437
1.0661894216167556
1.3561442286071563
1.5559677318200367
1.3031958905513947
1.3847424756432585
2.35869068503819
2.587458595515735
1.1108190632007198
0.48779363953052135
2.467756013412993
0.47930601500317005
1.550853051753605
2.425477296353826
0.9334300352760136
1.9550813641970999
1.9231225354336778
1.774540300294965
1.8810797758794182
1.3186644876228697
0.9469137197638335
0.8553975476333309
2.8089245680745125
2.5341574848777144
2.368961905679883
2.1500095766109757
2.7392372629260944
1.1339559263238435
0.5875849296997605
2.034956455867596
2.4621396424867323
2.6052309610962716
1.487909360110391
1.8129314967149148
2.9992742474717193
2.5791049019084316
0.6538549154737522
1.5551618810659453
2.1718803688218036
2.4825982328771543
2.634447559642514
1.5463746521644737
2.2475696994650187
1.322862681260033
1.9942325159658416
2.4429244639414818
2.4670308462118085
0.02742361786877698
1.6844910207541905
2.3413399527337413
0.8083739478066998
1.5404868830771674
2.9497415591972804
1.1935209245340717
1.5156869608945234
2.1473559146772274
2.28366420640889
2.220177223550713
2.3989081145320217
2.1493830788564274
2.5461307081559625
1.8694469659538393
2.5834668628786095
3.325384718054818
1.362159306805416
0.40794077470568957
1.7487512952287163
3.519917418618805
0.4576390273483465
1.2799649270154134
1.7952688321194112
0.3478324510508396
0.7393509589880249
2.4204825149181683
1.935003246849159
2.065387330462492
4.064842636115131
0.6170663198411501
0.7862715886301975
3.1428962637728772
3.5229213030767714
1.4195545099736555
1.524981415039182
1.2684803378023781
1.8006486751358763
1.6800917923786227
0.6167720000577906
1.443132004103221
2.198308443821954
1.3537559138332953
0.5707473755197718
0.6340077129934055
0.8240331613976275
2.051489048511748
0.9134352775535178
0.3106906973909259
1.727002208663991
1.3008666699086848
3.2948816140003565
1.7084779519931592
1.5974748922271471
1.3909419515203878
1.6252809902866432
0.5998353626502356
0.8548150047137516
1.724205588182953
1.3153369913821735
2.0729533766474773
3.5917365032564414
0.5765197685151819
2.6018906185402373
3.6402257777960725
3.5580009538497044
1.5556970736196245
2.4954050722913785
1.0877328738724514
1.3897874704744053
2.2228730103463086
0.8659035436555205
0.11281488186720015
1.5054623194805117
3.517911832108718
1.835043345689827
2.0630540303913296
2.2871852441719596
1.6411355236219882
1.100838090563019
1.1261194540688968
1.0919352451069533
1.0547542102782475
0.5178045388603674
1.2810327303722266
1.7805227941426702
2.575768625729146
2.8774781650540593
0.6345758789035996
0.557826282574101
1.8246232928332382
1.8433547614178154
0.21925692196187205
1.4390027183279348
0.8854030812555903
0.6957272330578745
0.27431496976332376
2.12450659579781
2.2550351661627164
1.6711534341072685
0.5838165972816236
0.8905861546787204
2.30961445483872
3.547441122651565
1.7032461714132814
1.8334610691687008
2.2315929006433346
0.7169810355331848
1.1734409124279785
1.4521221494506007
0.7358009923298297
1.1272088650817886
1.0761198923486073
2.1626582963784964
0.6852611558916567
1.968182109358137
3.581437377943729
1.3947922348759172
1.6392422926904524
0.858778428567685
3.7765880996297354
2.0360842106479993
0.4982997862710166
1.3836261883195482
2.067427497888224
1.8281168308682438
1.7527589773426402
2.162218647081654
0.6094605122764528
0.5359379861834584
2.9449040576919274
1.6202913273797945
1.4956913918746566
3.639292141429065
3.781238344763702
2.4251160153862243
2.6112437911658186
1.6278073610213033
2.4838704221520667
1.2296558690713346
1.0728587573129247
2.003023708142112
0.6495911740208838
1.3501399953764408
1.8196654988024634
2.2099870916898583
2.574222044655531
1.9326234121306332
3.0126738489967217
1.8144367284971448
0.7025865316499327
0.6216230105490511
2.8581788416655445
1.313498139312156
1.0874246087397788
0.7827055215973799
2.532089656184876
2.971602408026539
2.6904401061496754
2.4167674889540796
3.5280768699680913
1.7534556181129073
0.8588224076891341
3.5201599319330827
3.124001874629607
0.5713681866626438
2.3333145312557124
2.1356330184809686
0.9448005620536272
0.7673738260768964
1.9832645537640066
2.034488876958609
0.3532313116974648
2.3535744176729017
1.9164698187789493
1.6500285031897737
2.747213685720948
1.8285786975269198
1.819662769492248
0.31388870942639796
1.990312232941561
2.267780333825001
0.3635178375965375
0.7958457444407284
2.484382492962559
1.2628400230241008
2.7600851118855854
1.8813695588904056
2.13413801735815
0.859929714449177
1.1242639955289586
2.1142214062508558
1.2049526891446607
0.9546186605199208
1.9207481959863308
2.638407687244131
1.753172812958882
1.4029649207699948
0.7422619781881702
1.5927470497083045
1.2449443182351758
0.3214034293872062
2.2292271573771023
3.089666777375874
2.4144367718849695
2.5208106201938345
2.1162574166593893
3.249838639396175
0.7097884525790241
1.7361498301337284
0.7500795598586629
1.5988413740900242
1.3392986662370006
1.5168329775387017
2.5138980538118445
1.7097378009624027
1.3782432164709315
1.1318768412829017
1.3328482810985702
2.3690322794135885
0.5619542868725861
2.4134557677005453
2.8979010308046917
1.789301407221407
2.765812896204734
2.278054919898858
1.494657897319479
1.6593051384596544
3.4264357515621646
3.758072042711583
1.5690849048137703
1.0243838057570631
0.4084459206620406
2.0417586764278983
1.4586755879731175
0.7964762065036924
1.9293622331422828
1.8995198259335813
2.0965897590714686
2.5051531303509162
0.584515383074734
0.5280924569909365
0.37546406355162765
1.964124582678484
1.5150951731552171
0.8993483372562006
2.3551511071640188
3.5589918377902885
1.4376231231948227
1.0048630684839919
1.5253216140791637
1.2696773898522857
0.889931327371165
1.4042008529367802
2.5764763115614837
1.0390439577755133
1.7843311976830687
1.619477786502166
1.4837097631824825
0.7107834059324426
1.1550433410791527
2.1236309678321956
1.1293074652879336
1.048774275089229
2.0462958231350394
3.4625918599731884
3.475479924803509
2.1742144234512586
2.2146744808254524
1.9543412329133076
1.5505412089185466
3.2019274224482785
1.2022956833785463
2.8705049915178207
2.1190227804513824
1.3614575768263735
2.7927273333356406
2.316635021926853
2.0851918386955295
1.4033130939999665
1.191637227175529
1.9581258070106295
1.9797820370914716
1.6716937635274833
0.7166436575400529
1.4169018221634824
1.4051527386955354
1.5380489893854374
0.47676061103552875
1.878615558455331
1.581110263708778
1.1047497087625073
3.19442565101492
1.3340078134771034
3.6162602668255723
1.5779695366150248
2.295889818654536
1.8207929589535286
0.9162792519227416
2.6816609453638254
0.9314385162148436
1.5219465792763114
1.2829196839700916
